4.1947051194834101e-01   6.5908536158793191e-02   0.0000000000000000e+00   2.1870910238036556e+00   1.8914266572140481e+00   4.4554463831218492e+00   0.0000000000000000e+00   1.0772069044202404e+01   0.0000000000000000e+00   -3.5047297796188936e-03  -2.2306686320203592e-01  9.8169991105789267e-01   4.5002195252884564e-01   0.0000000000000000e+00   0.0000000000000000e+00   2.0199996198122503e+00   -4.5894579249274653e-01  -4.1373297612503690e-02
3.5133538242256562e-01   1.6323956094437714e-01   0.0000000000000000e+00   2.1868888536162738e+00   1.9564005563703253e+00   1.9558849713341917e+00   1.1880961350541523e-01   1.0653259430696988e+01   0.0000000000000000e+00   -7.3824280905775150e-03  -8.7875482140397615e-02  9.5029924461123261e-01   5.8253526261182820e-01   0.0000000000000000e+00   0.0000000000000000e+00   4.6014975992482423e+00   -1.3842000324370832e-01  -1.1235441690336672e-02
2.8777361911412869e-01   2.4869994880411125e-01   0.0000000000000000e+00   2.2051813857109788e+00   2.0051434218182296e+00   1.2430078937806077e+00   2.2531583702317004e-01   1.0546753207179233e+01   0.0000000000000000e+00   -4.7158886359290574e-03  3.1158824460921816e-02   9.0806950605499492e-01   7.1004936851005163e-01   0.0000000000000000e+00   -3.5310912864584632e+00  7.1396564241875788e+00   1.6863404366422391e-01   1.5043779221292091e-02
2.3057719320343312e-01   3.1962581006770280e-01   0.0000000000000000e+00   2.2344663182856244e+00   2.0379524266147278e+00   9.2807324008002889e-01   3.1643064884287320e-01   1.0455638395359530e+01   0.0000000000000000e+00   5.1289282892230540e-04   1.3409608259406866e-01   8.5764116946316582e-01   8.2530621521800218e-01   0.0000000000000000e+00   -1.7938048255744119e+00  8.8065655392752884e+00   4.4130741744098950e-01   3.6312748789950201e-02
1.8060463330393667e-01   3.7670878594218538e-01   0.0000000000000000e+00   2.2677160510389918e+00   2.0578751436281051e+00   7.8133641249560981e-01   3.9229712943605427e-01   1.0379771914766350e+01   0.0000000000000000e+00   4.4682959063487894e-04   2.1899194480861600e-01   8.0321936926499204e-01   9.2176887978764355e-01   0.0000000000000000e+00   -2.4256937901815490e+00  9.8377977336264610e+00   6.6903827051335041e-01   5.2466384860538860e-02
1.3592686128767822e-01   4.2659292528691156e-01   0.0000000000000000e+00   2.2888516093192357e+00   2.0688268272773289e+00   8.0752390577172883e-01   4.5926376792493784e-01   1.0312805276277466e+01   0.0000000000000000e+00   -9.9067566326737199e-03  2.9597984426882262e-01   7.6061315953568143e-01   9.8608121919001979e-01   0.0000000000000000e+00   -5.6869713658299281e-01  9.3737318267868091e+00   8.5409133271940896e-01   6.4332537062954845e-02
9.1616545778824832e-02   4.7265323047506547e-01   0.0000000000000000e+00   2.3180995918215870e+00   2.0747787890051899e+00   7.8892690431575707e-01   5.2317742667265787e-01   1.0248891617529745e+01   0.0000000000000000e+00   -2.9430342259388429e-02  3.5620533073955130e-01   7.0251710930172107e-01   1.0603435769384510e+00   0.0000000000000000e+00   -1.9785232318419075e+00  9.1944611844188628e+00   1.0187864051254707e+00   7.3554429540059543e-02
5.1106869475221139e-02   5.1073078684839501e-01   0.0000000000000000e+00   2.3612579072722166e+00   2.0770185701704262e+00   6.8441190079136527e-01   5.7877359716655830e-01   1.0193295447035846e+01   0.0000000000000000e+00   -5.5530865513539356e-02  3.9728180173525546e-01   6.3566453150505109e-01   1.1326257802520927e+00   0.0000000000000000e+00   -2.0285755732625206e+00  9.4700203913540744e+00   1.1520816540287053e+00   7.9728723830293599e-02
1.8101313338352742e-02   5.3965267292749752e-01   0.0000000000000000e+00   2.3986926683050469e+00   2.0774930113177628e+00   6.0756627116703366e-01   6.2265801615868521e-01   1.0149411028043719e+01   0.0000000000000000e+00   -8.0988603074423515e-02  4.2657160380860853e-01   5.8150081653410479e-01   1.1826022329718502e+00   0.0000000000000000e+00   -2.6601674479326718e+00  9.7920825743844002e+00   1.2314205820265245e+00   8.2035430640035739e-02
-1.3229952313119520e-02  5.6553184077921159e-01   0.0000000000000000e+00   2.4155029668144108e+00   2.0776169414424701e+00   6.4191782548716469e-01   6.6329518554854694e-01   1.0108773858653857e+01   0.0000000000000000e+00   -1.1067789160368789e-01  4.4755404139260341e-01   5.3127118958379704e-01   1.2247458472748420e+00   0.0000000000000000e+00   -6.7587606290474833e-01  9.0642305494393920e+00   1.2705925041094766e+00   8.1744801536421871e-02
-5.0056303506273006e-02  5.9432673888167953e-01   0.0000000000000000e+00   2.4329021970871492e+00   2.0781625335848202e+00   7.3101180481577688e-01   7.1004265926566867e-01   1.0062026384936734e+01   0.0000000000000000e+00   -1.4554932069625590e-01  4.7219887529215265e-01   4.7581160753345358e-01   1.2668693644622713e+00   0.0000000000000000e+00   1.3109590467552530e+00   8.3032925121373307e+00   1.2777790144533305e+00   7.8571469361630744e-02
-9.5929415295764736e-02  6.2844696240292663e-01   0.0000000000000000e+00   2.4533123125451617e+00   2.0798448550661703e+00   8.8039537015352087e-01   7.6721373620489619e-01   1.0004855307997508e+01   0.0000000000000000e+00   -1.9877943416915259e-01  4.9016972015706295e-01   4.1047274233702696e-01   1.3092819743149187e+00   0.0000000000000000e+00   3.2704026155735391e+00   7.6117125095414222e+00   1.2309590216364954e+00   7.1254731207310393e-02
-1.5320358849869059e-01  6.6950764729327328e-01   0.0000000000000000e+00   2.4795289378672871e+00   2.0829470054426569e+00   1.1027510236802078e+00   8.3768579279290201e-01   9.9343832514095016e+00   0.0000000000000000e+00   -2.6987102005657182e-01  5.0677215712716195e-01   3.3595555254006670e-01   1.3518193389386512e+00   0.0000000000000000e+00   5.1667399582497913e+00   6.9969226828405739e+00   1.1203908625407617e+00   6.0657334532739672e-02
-2.2274816765221911e-01  7.1751414771596722e-01   0.0000000000000000e+00   2.5089857074922759e+00   2.0875146206909152e+00   1.4230678619092882e+00   9.2219065994548388e-01   9.8498783842569200e+00   0.0000000000000000e+00   -3.6511318512674112e-01  5.1127717690420249e-01   2.4533269186207404e-01   1.3955991174205702e+00   0.0000000000000000e+00   5.5453334865894135e+00   6.2023424277720398e+00   9.4738681267576619e-01   4.8497630231525736e-02
-3.0393312265878752e-01  7.7153089866298841e-01   0.0000000000000000e+00   2.5373461391433829e+00   2.0930176771468827e+00   1.8939304140323661e+00   1.0197037683068271e+00   9.7523652758955759e+00   0.0000000000000000e+00   -4.8208270227170213e-01  5.0377940765793539e-01   1.3879558500554279e-01   1.4369339371963550e+00   0.0000000000000000e+00   0.0000000000000000e+00   4.7520225311964372e+00   7.2317226237842458e-01   3.5544690170640166e-02
-3.9532956186037910e-01  8.3036891253181910e-01   0.0000000000000000e+00   2.5562926389656973e+00   2.0977677498300000e+00   2.9009934547246510e+00   1.1284016108556052e+00   9.6436674333467991e+00   0.0000000000000000e+00   -6.1034144325374784e-01  4.9637870699567022e-01   1.7767140184976507e-02   1.4720555557457882e+00   0.0000000000000000e+00   0.0000000000000000e+00   3.1023854898198104e+00   4.6069153346385788e-01   2.1001575061325672e-02
-4.9496552800747384e-01  8.9413190102783180e-01   0.0000000000000000e+00   2.5581402546456613e+00   2.0986541453354373e+00   9.5522423726219650e+00   1.2466938103110539e+00   9.5253752338913493e+00   0.0000000000000000e+00   -7.4928814081981854e-01  4.9672770404297845e-01   -1.1076544750184100e-01  1.4944824667383592e+00   0.0000000000000000e+00   0.0000000000000000e+00   9.4218714820252392e-01   1.6921182432771659e-01   4.0408718990794712e-03
-5.9854352749291184e-01  9.6330271377562804e-01   0.0000000000000000e+00   2.5434802804761514e+00   2.0913937745715767e+00   7.4323506094762983e+00   1.3712450179069502e+00   9.4008240262954530e+00   0.0000000000000000e+00   -9.0050581489550308e-01  5.1113729303313005e-01   -2.3778281415201408e-01  1.5035142783994919e+00   0.0000000000000000e+00   0.0000000000000000e+00   1.2109224218412056e+00   -1.4508540517412258e-01  -1.5258437484955095e-02
-7.0006842925252577e-01  1.0368372517647215e+00   0.0000000000000000e+00   2.5085447655882978e+00   2.0718097753288074e+00   2.5616618592259170e+00   1.4966030410030755e+00   9.2754660031993286e+00   0.0000000000000000e+00   -1.0590961514428938e+00  5.4114835208383083e-01   -3.6347027601137810e-01  1.5015589373125804e+00   0.0000000000000000e+00   0.0000000000000000e+00   3.5133442642268249e+00   -4.7199810237222989e-01  -3.5868759289243025e-02
-7.9316515858705972e-01  1.1130817042846568e+00   0.0000000000000000e+00   2.4540154000055008e+00   2.0378187420031089e+00   1.4733173582073484e+00   1.6169368166142983e+00   9.1551322275881049e+00   0.0000000000000000e+00   -1.2195386095688898e+00  5.9246712250758604e-01   -4.8036663836352506e-01  1.4950179397882348e+00   0.0000000000000000e+00   -5.6824974820187322e+00  5.6305967640110532e+00   -7.9257544069799246e-01  -5.6012024173026545e-02
-8.7184764784278557e-01  1.1885997427152808e+00   0.0000000000000000e+00   2.3840787528902081e+00   1.9912516725018932e+00   9.9417604321865238e-01   1.7259960126680316e+00   9.0460730315343714e+00   0.0000000000000000e+00   -1.3727710656889540e+00  6.6668600843797721e-01   -5.8175830720090871e-01  1.4908447679118064e+00   0.0000000000000000e+00   -3.8432326149530343e+00  7.2177966209922308e+00   -1.0842276847062831e+00  -7.4091362986804563e-02
-9.3240633649966087e-01  1.2581478010657385e+00   0.0000000000000000e+00   2.3083849122552946e+00   1.9384682857249411e+00   7.3986870876760757e-01   1.8182147048738910e+00   8.9538543393285117e+00   0.0000000000000000e+00   -1.5084152753255240e+00  7.5659036269475455e-01   -6.6350546839860791e-01  1.4922921371856379e+00   0.0000000000000000e+00   -1.9401811302296770e+00  8.6957357087650848e+00   -1.3248917827835076e+00  -8.8942962363376579e-02
-9.7494364054242522e-01  1.3170331639245119e+00   0.0000000000000000e+00   2.2353415721637684e+00   1.8877323648361546e+00   6.0629482142467439e-01   1.8908570354686343e+00   8.8812120087337689e+00   0.0000000000000000e+00   -1.6183443798196735e+00  8.5225666363165653e-01   -7.2497129069228394e-01  1.4976068978991517e+00   0.0000000000000000e+00   -2.5430740575011428e+00  9.8099794689846700e+00   -1.5020173123263016e+00  -1.0008407847263004e-01
-1.0073646766434377e+00  1.3653511202580944e+00   0.0000000000000000e+00   2.1895717066648639e+00   1.8461796892449411e+00   6.1589327290741591e-01   1.9490442203645986e+00   8.8230248238378053e+00   0.0000000000000000e+00   -1.6785833859461519e+00  9.1496770884601764e-01   -7.9440388547390650e-01  1.5082464333574417e+00   0.0000000000000000e+00   -5.6297214895331660e-01  9.4805297045832830e+00   -1.6107074709124516e+00  -1.0705643925809039e-01
-1.0378658820623197e+00  1.4136743574236661e+00   0.0000000000000000e+00   2.1547342865147101e+00   1.8073749764938776e+00   7.0854573009066990e-01   2.0061884132643582e+00   8.7658806309380459e+00   0.0000000000000000e+00   -1.7306114280932949e+00  9.7641941669795274e-01   -8.5405813999089930e-01  1.5296921995084667e+00   0.0000000000000000e+00   1.4888407121505665e+00   8.6575379302182824e+00   -1.6858182919111928e+00  -1.1235846599221240e-01
-1.0670481420366753e+00  1.4667993616295329e+00   0.0000000000000000e+00   2.1049971083346448e+00   1.7659624886256420e+00   7.8434906887773581e-01   2.0668008737744237e+00   8.7052681704279795e+00   0.0000000000000000e+00   -1.7955516069038286e+00  1.0666228755893761e+00   -9.0112978884916550e-01  1.5579404841501447e+00   0.0000000000000000e+00   3.5390468414113223e+00   8.7372954032837313e+00   -1.7420762455823826e+00  -1.1763752669831014e-01
-1.0934290702347291e+00  1.5229197908676828e+00   0.0000000000000000e+00   2.0472996393556042e+00   1.7240156176711665e+00   8.2568176076523214e-01   2.1288126141988388e+00   8.6432564300035644e+00   0.0000000000000000e+00   -1.8541561092181023e+00  1.1653194363056267e+00   -9.4211424876657546e-01  1.5940494221738430e+00   0.0000000000000000e+00   4.2103771112079391e+00   9.3528149481477794e+00   -1.7798483841901949e+00  -1.2339065371010612e-01
-1.1156956099295541e+00  1.5803532516504073e+00   0.0000000000000000e+00   1.9823167074684105e+00   1.6818803753180966e+00   8.2296292502954183e-01   2.1904113252848831e+00   8.5816577189175209e+00   0.0000000000000000e+00   -1.9058376844158103e+00  1.2740208519251277e+00   -9.6857704532802169e-01  1.6373900610974068e+00   0.0000000000000000e+00   -3.0822786102244319e+00  9.8115110502499547e+00   -1.8040885486895668e+00  -1.2999354096725430e-01
-1.1329488192309083e+00  1.6367106490855705e+00   0.0000000000000000e+00   1.9140954754411921e+00   1.6420632222469242e+00   7.7817897272500947e-01   2.2493505268137577e+00   8.5227185173886468e+00   0.0000000000000000e+00   -1.9469599339302728e+00  1.3875099270029978e+00   -9.8868249431237287e-01  1.6808762282683301e+00   0.0000000000000000e+00   -1.9324209973044328e+00  9.5547265431442039e+00   -1.8059296288166975e+00  -1.3601960717055606e-01
-1.1448893572246028e+00  1.6890405343675654e+00   0.0000000000000000e+00   1.8437943351059969e+00   1.6070092222774419e+00   7.0389921629834140e-01   2.3030254123861145e+00   8.4690436318162892e+00   0.0000000000000000e+00   -1.9746679500234601e+00  1.4997031650942036e+00   -9.9495376964422155e-01  1.7232525638887952e+00   0.0000000000000000e+00   -2.5793839262986054e+00  9.8115110502499530e+00   -1.7890910033882392e+00  -1.4159438923030437e-01
-1.1525707979471533e+00  1.7381051715215008e+00   0.0000000000000000e+00   1.7871719084729374e+00   1.5790409488084063e+00   6.9052678059081274e-01   2.3526877034188627e+00   8.4193813407835414e+00   0.0000000000000000e+00   -1.9909118403118653e+00  1.6068565290011789e+00   -9.9559344821572882e-01  1.7626811650820400e+00   0.0000000000000000e+00   -1.1630667842695179e+00  9.6616136623626367e+00   -1.7632125728406896e+00  -1.4663230774038374e-01
-1.1572096147713857e+00  1.7886213921308649e+00   0.0000000000000000e+00   1.7353292375386162e+00   1.5550062803573586e+00   7.1297990881679785e-01   2.4034164641585329e+00   8.3686525800438716e+00   0.0000000000000000e+00   -1.9979171240091971e+00  1.7114206813281205e+00   -9.9299065565824063e-01  1.8037013340030750e+00   0.0000000000000000e+00   7.6864539329080117e-01   9.5725129320002189e+00   -1.7323837971079981e+00  -1.5162928082649113e-01
-1.1589709704964681e+00  1.8430543000194222e+00   0.0000000000000000e+00   1.6788589962746623e+00   1.5335711993567378e+00   7.4085883909328265e-01   2.4578778618195778e+00   8.3141911823828263e+00   0.0000000000000000e+00   -1.9963914780430454e+00  1.8159568058291664e+00   -9.7487092942579479e-01  1.8490114622197580e+00   0.0000000000000000e+00   2.6711244624937454e+00   9.9290810164837584e+00   -1.6990861550162246e+00  -1.5671151745716419e-01
-1.1571072413699377e+00  1.9021986148659349e+00   0.0000000000000000e+00   1.6174791442178527e+00   1.5155051902746683e+00   7.6828350085841479e-01   2.5170515338783619e+00   8.2550175103240413e+00   0.0000000000000000e+00   -1.9852115064345175e+00  1.9282934651082584e+00   -9.5147035408578529e-01  1.8957186774904813e+00   0.0000000000000000e+00   1.0021030669961279e+00   9.9629786965947655e+00   -1.6676364064108276e+00  -1.6146068137623468e-01
-1.1507128023204416e+00  1.9665953823183577e+00   0.0000000000000000e+00   1.5495861966022249e+00   1.5015826192731718e+00   7.9024488852762964e-01   2.5817649985443736e+00   8.1903040456580296e+00   0.0000000000000000e+00   -1.9625786509476799e+00  2.0472116444506061e+00   -9.0149808454901259e-01  1.9418489798812530e+00   0.0000000000000000e+00   8.5968336682692148e-01   9.9393539968575979e+00   -1.6412124535775383e+00  -1.6545154602096745e-01
-1.1386087973557779e+00  2.0363068806365634e+00   0.0000000000000000e+00   1.4744790531752101e+00   1.4926278939929709e+00   8.0338395082974656e-01   2.6525195032345614e+00   8.1195495409678422e+00   0.0000000000000000e+00   -1.9261714897612456e+00  2.1730513628071577e+00   -8.2378213070780115e-01  1.9816435377441033e+00   0.0000000000000000e+00   1.6438112958949927e-01   9.9987305986292032e+00   -1.6215277139048945e+00  -1.6841558208920818e-01
-1.1193455585239489e+00  2.1112088291542261e+00   0.0000000000000000e+00   1.3920606884311983e+00   1.4892518331004712e+00   8.0660156058994870e-01   2.7298588480859025e+00   8.0422101961165016e+00   0.0000000000000000e+00   -1.8704686913041702e+00  2.3043822323193615e+00   -7.1416133350035038e-01  2.0070037897395561e+00   0.0000000000000000e+00   1.5898441252235818e-01   9.9986488509315556e+00   -1.6089133743988047e+00  -1.7036187773566863e-01
-1.0916867394490082e+00  2.1904943262317502e+00   0.0000000000000000e+00   1.2986769589470444e+00   1.4918293150745217e+00   7.6923976770386815e-01   2.8138302736987284e+00   7.9582387705036748e+00   0.0000000000000000e+00   -1.7958631303655708e+00  2.4361469122798693e+00   -5.7044080578251988e-01  2.0086571995913989e+00   0.0000000000000000e+00   -3.9934435117176017e+00  9.5744201772744262e+00   -1.6030987314886651e+00  -1.7147579269214402e-01
-1.0540926525896497e+00  2.2721846553967415e+00   0.0000000000000000e+00   1.1963818993663051e+00   1.5004267272329670e+00   6.9843261180899174e-01   2.9037559388109400e+00   7.8683131053914632e+00   0.0000000000000000e+00   -1.6950975058198681e+00  2.5671766376292471e+00   -4.6637996518150665e-01  2.0017178566384151e+00   0.0000000000000000e+00   -2.0184271177495874e+00  9.3883995662613327e+00   -1.6035873032193584e+00  -1.7195020267142530e-01
-1.0048981328394713e+00  2.3550500365255940e+00   0.0000000000000000e+00   1.0803344448446810e+00   1.5150173582527269e+00   6.1529355671787767e-01   3.0001238388766809e+00   7.7719452053257232e+00   0.0000000000000000e+00   -1.5705259383076622e+00  2.6908451281342916e+00   -4.0250686492853960e-01  1.9974296560617963e+00   0.0000000000000000e+00   -2.6507760076351516e+00  9.7941794944922798e+00   -1.6097502637823240e+00  -1.7192377665976691e-01
-9.3922658417920524e-01  2.4398898696445035e+00   0.0000000000000000e+00   9.7091300755046628e-01   1.5359701346703989e+00   6.4491957223783858e-01   3.1074110682522318e+00   7.6646579759501723e+00   0.0000000000000000e+00   -1.4134156661752744e+00  2.8069430594925397e+00   -3.6608107027542330e-01  1.9962379655561164e+00   0.0000000000000000e+00   -6.3314890062916618e-01  9.1497559830623079e+00   -1.6212824628971729e+00  -1.7140623541132904e-01
-8.5313689353280753e-01  2.5301916992044560e+00   0.0000000000000000e+00   8.7242102087308115e-01   1.5651328504829654e+00   1.0047257810193990e+00   3.2321742649789393e+00   7.5398947792234647e+00   0.0000000000000000e+00   -1.2395292695128246e+00  2.8985607597023559e+00   -2.9121982621903164e-01  1.9944853161808827e+00   0.0000000000000000e+00   1.4102000068562230e+00   6.1517736498653166e+00   -1.6388778930979215e+00  -1.7021027817116546e-01
-7.5198142529019107e-01  2.6180492889491584e+00   0.0000000000000000e+00   7.5716334017673348e-01   1.6008904881629498e+00   2.1327605230841118e+00   3.3661570430928873e+00   7.4059120011095168e+00   0.0000000000000000e+00   -1.0513339964118960e+00  2.9627110260789338e+00   -2.1095435240337340e-01  1.9951338749385035e+00   0.0000000000000000e+00   3.4321172951255399e+00   3.2216188401242607e+00   -1.6599890899172758e+00  -1.6817171576468995e-01
-6.4810287977769987e-01  2.6913160329079817e+00   0.0000000000000000e+00   6.4806440549256361e-01   1.6385529994039119e+00   5.2093948357891627e+01   3.4932741858711864e+00   7.2787948583312172e+00   0.0000000000000000e+00   -8.6232519237949490e-01  2.9950432227213981e+00   -1.5784797645582846e-01  1.9962262345123361e+00   0.0000000000000000e+00   5.3657752723662524e+00   1.5277819950625637e-01   -1.6798060887999349e+00  -1.6543504097949019e-01
-5.4748211632620902e-01  2.7451232466553632e+00   0.0000000000000000e+00   5.3209915105182493e-01   1.6736991108284072e+00   6.4787786198196201e+01   3.6073783237839603e+00   7.1646907204184433e+00   0.0000000000000000e+00   -6.8522747910500126e-01  3.0027103358099176e+00   -1.4715934300918818e-01  1.9965101839666084e+00   0.0000000000000000e+00   0.0000000000000000e+00   1.3891507224012192e-01   -1.6953204790067236e+00  -1.6234398471391737e-01
-4.4709582874689729e-01  2.7856518595702813e+00   0.0000000000000000e+00   4.2413123387151042e-01   1.7088066003531450e+00   8.6228004488887990e+01   3.7156371580597991e+00   7.0564318861426045e+00   0.0000000000000000e+00   -5.3393148470474971e-01  3.0007371660776161e+00   -1.2869637554004484e-01  1.9970006629004482e+00   0.0000000000000000e+00   0.0000000000000000e+00   1.0437444370128976e-01   -1.6928221844221167e+00  -1.5723232101919835e-01
-3.4684627735301027e-01  2.8150165510548417e+00   0.0000000000000000e+00   3.2314629119676785e-01   1.7431325761556773e+00   1.2994952647249002e+02   3.8200989102021934e+00   6.9519701340002102e+00   0.0000000000000000e+00   -4.0051406386996313e-01  2.9982356230295357e+00   -1.0740208628100567e-01  1.9975663574622842e+00   0.0000000000000000e+00   0.0000000000000000e+00   6.9257659064308141e-02   -1.6621010216137160e+00  -1.4935567982008996e-01
-2.4662984750846026e-01  2.8347445057229632e+00   0.0000000000000000e+00   2.2916017575510866e-01   1.7785932884345828e+00   2.6719229867115484e+02   3.9222386429518687e+00   6.8498304012505349e+00   0.0000000000000000e+00   -2.7871747561839882e-01  2.9977470868548748e+00   -8.1969947102745896e-02  1.9982853980850055e+00   0.0000000000000000e+00   0.0000000000000000e+00   3.3683605570820327e-02   -1.6021030598810244e+00  -1.3940211765158717e-01
-1.4637934768039293e-01  2.8459809588068241e+00   0.0000000000000000e+00   1.4239118934715117e-01   1.8169960326436947e+00   4.0443137436447837e+03   4.0231168893367215e+00   6.7489521548656821e+00   0.0000000000000000e+00   -1.6349989609719007e-01  2.9987287630563872e+00   -5.1470360311752124e-02  1.9992125568146086e+00   0.0000000000000000e+00   0.0000000000000000e+00   2.2253466398700051e-03   -1.5188925208239761e+00  -1.2822096205585989e-01
-4.6044462812309922e-02  2.8496309947064575e+00   0.0000000000000000e+00   6.2893045706653980e-02   1.8594393557062869e+00   2.3471716218699217e+02   4.1235181437290853e+00   6.6485509004733183e+00   0.0000000000000000e+00   -5.1518035758195496e-02  3.0000926138368729e+00   -1.5147656083673605e-02  2.0003167328330784e+00   0.0000000000000000e+00   0.0000000000000000e+00   3.8344021869308256e-02   -1.4228349369766169e+00  -1.1660137199217607e-01
5.4407106436957585e-02   2.8464144165896990e+00   0.0000000000000000e+00   -9.6943271089083242e-03  1.9060713091937487e+00   1.2073221291260491e+02   4.2240211991026486e+00   6.5480478450997550e+00   0.0000000000000000e+00   5.9359448703238109e-02   3.0010727317471466e+00   2.7348454067829361e-02   2.0013909184540091e+00   0.0000000000000000e+00   0.0000000000000000e+00   7.4545142368216841e-02   -1.3263414585106941e+00  -1.0528806997749207e-01
1.5499350416735921e-01   2.8368912549986356e+00   0.0000000000000000e+00   -7.6114576135019874e-02  1.9563119911748272e+00   8.1300772216276158e+01   4.3250574006101683e+00   6.4470116435922353e+00   0.0000000000000000e+00   1.7055223371891973e-01   3.0012270739267812e+00   7.5982433739489291e-02   2.0023533886432903e+00   0.0000000000000000e+00   0.0000000000000000e+00   1.1070005554262409e-01   -1.2384755444926525e+00  -9.4744483041870123e-02
2.5572015127890285e-01   2.8214929006114913e+00   0.0000000000000000e+00   -1.3721658987301072e-01  2.0093940820092571e+00   6.1358274951151017e+01   4.4269542443108714e+00   6.3451147998915323e+00   0.0000000000000000e+00   2.8311627455619587e-01   3.0007016376100699e+00   1.3060254733051288e-01   2.0030498109477239e+00   0.0000000000000000e+00   0.0000000000000000e+00   1.4667948222411961e-01   -1.1609246682223453e+00  -8.4956173598286749e-02
3.5658101771331902e-01   2.8005502081756912e+00   0.0000000000000000e+00   -1.9379249636259899e-01  2.0645462443822340e+00   4.9354475519491608e+01   4.5299664316692692e+00   6.2421026125331345e+00   0.0000000000000000e+00   3.9797084471681438e-01   2.9998853140098061e+00   1.9103477691589588e-01   2.0032727170902285e+00   0.0000000000000000e+00   0.0000000000000000e+00   1.8235428307703566e-01   -1.0937018669572220e+00  -7.5908630881536487e-02
4.5755975869627646e-01   2.7743102930838046e+00   0.0000000000000000e+00   -2.4656725152224687e-01  2.1210871465594945e+00   4.1361008851746391e+01   4.6342987817555805e+00   6.1377702624468231e+00   0.0000000000000000e+00   5.1599877730384436e-01   2.9992004462191795e+00   2.5710706580460152e-01   2.0029106721641465e+00   0.0000000000000000e+00   0.0000000000000000e+00   2.1759623978852710e-01   -1.0366735650133636e+00  -6.7615237292186520e-02
5.5862958770559734e-01   2.7429478234545535e+00   0.0000000000000000e+00   -2.9621040332637394e-01  2.1784376950107553e+00   3.5674810243517030e+01   4.7401227622005582e+00   6.0319462820018455e+00   0.0000000000000000e+00   6.3812331760838437e-01   2.9991271927315539e+00   3.2875719073837628e-01   2.0021527224918767e+00   0.0000000000000000e+00   0.0000000000000000e+00   2.5227884713515797e-01   -9.8979964859499581e-01  -6.0080249833194002e-02
6.5975625349078615e-01   2.7065727256417031e+00   0.0000000000000000e+00   -3.4336842222097586e-01  2.2361001528169706e+00   3.1437960650627577e+01   4.8475925266635160e+00   5.9244765175388876e+00   0.0000000000000000e+00   7.6518917038611789e-01   2.9996875209471936e+00   4.0594496241957395e-01   2.0009501665843175e+00   0.0000000000000000e+00   0.0000000000000000e+00   2.8627811135772058e-01   -9.5307211358758248e-01  -5.3275794114111243e-02
7.6088996550901133e-01   2.6652328547903958e+00   0.0000000000000000e+00   -3.8860543282514548e-01  2.2936381055345083e+00   2.8171363943986012e+01   4.9568491632060532e+00   5.8152198809963505e+00   0.0000000000000000e+00   8.9796819325752952e-01   3.0005805402960442e+00   4.8873852055567618e-01   1.9994425343935756e+00   0.0000000000000000e+00   0.0000000000000000e+00   3.1947334952950723e-01   -9.2641170956609675e-01  -4.7133870052872742e-02
8.6198985378884663e-01   2.6189195024891632e+00   0.0000000000000000e+00   -4.3265902101240111e-01  2.3506491178178242e+00   2.5586500603780106e+01   5.0680521937923340e+00   5.7040168504100697e+00   0.0000000000000000e+00   1.0372268474772970e+00   3.0014536876452120e+00   5.7753658636065608e-01   1.9979712849907811e+00   0.0000000000000000e+00   0.0000000000000000e+00   3.5174798380480193e-01   -9.0956964163384746e-01  -4.1546768747154565e-02
9.6295711669987383e-01   2.5675579695242332e+00   0.0000000000000000e+00   -4.7548074545247176e-01  2.4067833655562749e+00   2.3499288219274792e+01   5.1813323564345728e+00   5.5907366877678308e+00   0.0000000000000000e+00   1.1832973786193259e+00   3.0007061228376446e+00   6.7265501534806549e-01   1.9968777951060104e+00   0.0000000000000000e+00   0.0000000000000000e+00   3.8299032362256580e-01   -9.0201905095911761e-01  -3.6367144438073686e-02
1.0637770865748890e+00   2.5110086406957395e+00   0.0000000000000000e+00   -5.1989312046411162e-01  2.4616849047841050e+00   1.2160843053594469e+01   5.2969286060128011e+00   5.4751404381896025e+00   0.0000000000000000e+00   1.3347535792343386e+00   2.9941238675735149e+00   7.7529161987276740e-01   1.9966772301409104e+00   0.0000000000000000e+00   0.0000000000000000e+00   7.4008026913395653e-01   -9.0284079381766491e-01  -3.1416854542641585e-02
1.1633539034265825e+00   2.4488242202034258e+00   0.0000000000000000e+00   -5.7439058116533548e-01  2.5149119526417780e+00   3.3799863620991659e+00   5.4143272627609962e+00   5.3577417814414074e+00   0.0000000000000000e+00   1.4912231902506041e+00   2.9738460772360371e+00   8.8184285162220799e-01   1.9980364790726974e+00   0.0000000000000000e+00   0.0000000000000000e+00   2.6627326373028564e+00   -9.1057109457142771e-01  -2.6504174297328612e-02
1.2574266275639430e+00   2.3826529993090313e+00   0.0000000000000000e+00   -6.2753541713963190e-01  2.5644776836779584e+00   1.9031733490322005e+00   5.5293416440412457e+00   5.2427274001611579e+00   0.0000000000000000e+00   1.6459336976032348e+00   2.9349764706191364e+00   9.8934939255420251e-01   2.0015393454318207e+00   0.0000000000000000e+00   0.0000000000000000e+00   4.7289439002372902e+00   -9.2277685922500086e-01  -2.1599678155889600e-02
1.3414522227228436e+00   2.3164054681535995e+00   0.0000000000000000e+00   -6.7940536497714632e-01  2.6081828734760069e+00   1.2798715693202127e+00   5.6363418123868954e+00   5.1357272318155083e+00   0.0000000000000000e+00   1.7858449985005991e+00   2.8800546610787117e+00   1.0974438231071442e+00   2.0069154291455691e+00   0.0000000000000000e+00   -3.5371666215241184e+00  6.6315506397174264e+00   -9.3648257213214525e-01  -1.6815989648363582e-02
1.4121808634598556e+00   2.2542760799205492e+00   0.0000000000000000e+00   -7.2793469397483146e-01  2.6444286019119025e+00   9.4152909783507543e-01   5.7304832034044413e+00   5.0415858407979623e+00   0.0000000000000000e+00   1.9058696066815368e+00   2.8162956772205368e+00   1.1952831845596135e+00   2.0073578590283270e+00   0.0000000000000000e+00   -3.7797827617136099e+00  7.9583999837806010e+00   -9.4942373209528330e-01  -1.2351828427830518e-02
1.4688168106392663e+00   2.1995165400649248e+00   0.0000000000000000e+00   -7.7107507487013083e-01  2.6727217172475837e+00   7.4476398356817497e-01   5.8092628817365384e+00   4.9628061624658653e+00   0.0000000000000000e+00   2.0018810926324586e+00   2.7508469675629419e+00   1.2730953488507852e+00   1.9970884261517050e+00   0.0000000000000000e+00   -1.9144287208265451e+00  9.0764454152101379e+00   -9.6061444727858425e-01  -8.3980385297917574e-03
1.5135687032180150e+00   2.1530300688798669e+00   0.0000000000000000e+00   -8.0629695882261343e-01  2.6939039314708868e+00   6.3892456767625716e-01   5.8737898055173838e+00   4.8982792386850198e+00   0.0000000000000000e+00   2.0738522200194298e+00   2.6924073784141926e+00   1.3334561902328081e+00   1.9796382060922024e+00   0.0000000000000000e+00   -1.9837402618025570e+00  9.7719505304512122e+00   -9.7005904770749929e-01  -5.0250780072161431e-03
1.5513623092046562e+00   2.1122531888359775e+00   0.0000000000000000e+00   -8.3069691972728976e-01  2.7098885238246160e+00   6.0485990993341221e-01   5.9293875626626793e+00   4.8426814815397243e+00   0.0000000000000000e+00   2.1253742247631018e+00   2.6442698645821952e+00   1.3827857606567684e+00   1.9560098556641003e+00   0.0000000000000000e+00   -2.1234365614292128e+00  9.6759789473819264e+00   -9.7837966584385772e-01  -2.1044735111648261e-03
1.5896861913494169e+00   2.0702011391333812e+00   0.0000000000000000e+00   -8.3757894483199413e-01  2.7230828493302295e+00   6.9139909894806695e-01   5.9862830354776158e+00   4.7857860087247879e+00   0.0000000000000000e+00   2.1686030143131285e+00   2.5977934979313231e+00   1.4242084817690832e+00   1.9193940254637170e+00   0.0000000000000000e+00   -4.7122095737311444e-03  8.4634846027923825e+00   -9.8663805974041485e-01  7.0050100304416287e-04
1.6309367359572282e+00   2.0234575342034544e+00   0.0000000000000000e+00   -8.5688695272112381e-01  2.7360618603285389e+00   7.1342985709476381e-01   6.0486254129770831e+00   4.7234436312253205e+00   0.0000000000000000e+00   2.2170763287084725e+00   2.5407171134215365e+00   1.4628347655194687e+00   1.8751100149952327e+00   0.0000000000000000e+00   2.1716503783779935e+00   8.8431476882150388e+00   -9.9643173027956067e-01  3.9906644583462157e-03
1.6716859951664393e+00   1.9759314562997776e+00   0.0000000000000000e+00   -8.8923883468378784e-01  2.7472565333670471e+00   6.5126635849870662e-01   6.1112291685114428e+00   4.6608398756909608e+00   0.0000000000000000e+00   2.2617964868637990e+00   2.4818971586871434e+00   1.4857058536431456e+00   1.8164705176113549e+00   0.0000000000000000e+00   2.2910377185052561e-01   9.7613490171231287e+00   -1.0068142998096969e+00  7.5019686093968172e-03
1.7099037902170888e+00   1.9289811442530842e+00   0.0000000000000000e+00   -9.2142587085485372e-01  2.7554877044621446e+00   5.9865420126912450e-01   6.1717678475506768e+00   4.6003011966517269e+00   0.0000000000000000e+00   2.3057288092701036e+00   2.4139857687499768e+00   1.5008592440767219e+00   1.7588178104523764e+00   0.0000000000000000e+00   2.4455822458682569e-01   9.9970339571650797e+00   -1.0170112718880158e+00  1.0893048928585046e-02
1.7498359120642002e+00   1.8715054950178258e+00   0.0000000000000000e+00   -9.1621845489483822e-01  2.7610683008486228e+00   8.5148994936778899e-01   6.2417537362013684e+00   4.5303153080010352e+00   0.0000000000000000e+00   2.3674430688748158e+00   2.3005978944522933e+00   1.5064648957226225e+00   1.7024196089440840e+00   0.0000000000000000e+00   2.4354067275982674e-01   7.0862476660821372e+00   -1.0276880197172196e+00  1.4296920138964993e-02
1.8046033902344503e+00   1.7949598576459236e+00   0.0000000000000000e+00   -9.2194974938083285e-01  2.7647995571871382e+00   1.6458492653349450e+00   6.3358744632799429e+00   4.4361945809224608e+00   0.0000000000000000e+00   2.4024937952491010e+00   2.2227432144654360e+00   1.5030619969046681e+00   1.5792106360883478e+00   0.0000000000000000e+00   2.2789218961250199e+00   3.9430253833338798e+00   -1.0421076905667961e+00  1.8960351752236815e-02
1.8716674497043737e+00   1.7018719802649713e+00   0.0000000000000000e+00   -9.3470115765296269e-01  2.7639403986922009e+00   2.1538315341932176e+01   6.4506043242049724e+00   4.3214647199974312e+00   0.0000000000000000e+00   2.4415208723226693e+00   2.1124161337986895e+00   1.4979956703710551e+00   1.4326645696277256e+00   0.0000000000000000e+00   4.2464902823031592e+00   3.4083528492292559e-01   -1.0579455194900478e+00  2.4383695026493915e-02
1.9425913019615590e+00   1.6030381849685189e+00   0.0000000000000000e+00   -9.8012124899334907e-01  2.7565939358836093e+00   1.9965439095586003e+03   6.5722526366129141e+00   4.1998164075894895e+00   0.0000000000000000e+00   2.4745454921011074e+00   1.9847723911262751e+00   1.5005777404135123e+00   1.2858460297864349e+00   0.0000000000000000e+00   5.6795657118388716e+00   4.2469303239859469e-03   -1.0733314626898178e+00  2.9571589966776616e-02
2.0072271147738525e+00   1.5041346738265275e+00   0.0000000000000000e+00   -1.0272352470133428e+00  2.7430066666756625e+00   2.5698028037266948e+02   6.6904037805520220e+00   4.0816652636503816e+00   0.0000000000000000e+00   2.4997076832859717e+00   1.8259825179778109e+00   1.5015894288567713e+00   1.1736883383990826e+00   0.0000000000000000e+00   0.0000000000000000e+00   3.5022142504274323e-02   -1.0879302753502114e+00  3.3724366931027872e-02
2.0656638496820903e+00   1.4051924368758928e+00   0.0000000000000000e+00   -1.0733877959866076e+00  2.7234957326991704e+00   1.3707001935131265e+02   6.8053142597936089e+00   3.9667547844087947e+00   0.0000000000000000e+00   2.5069941863970562e+00   1.6658486003952395e+00   1.5009308390144798e+00   1.0716528459448655e+00   0.0000000000000000e+00   0.0000000000000000e+00   6.5659872542462083e-02   -1.1028875647405334e+00  3.6867216571003947e-02
2.1182930463106544e+00   1.3061294527125089e+00   0.0000000000000000e+00   -1.1196021394085842e+00  2.6984199850998278e+00   9.3436279370994953e+01   6.9174896009748279e+00   3.8545794432275757e+00   0.0000000000000000e+00   2.5038857236532683e+00   1.5109832939912160e+00   1.4996371804563979e+00   9.7745611943437172e-01   0.0000000000000000e+00   0.0000000000000000e+00   9.6322328549330413e-02   -1.1186946817745429e+00  3.9042529012197527e-02
2.1653653151264929e+00   1.2068718375821514e+00   0.0000000000000000e+00   -1.1659584970254819e+00  2.6682004383823816e+00   7.0916454016141856e+01   7.0273434705144879e+00   3.7447255736879157e+00   0.0000000000000000e+00   2.4978638929615697e+00   1.3645570934306159e+00   1.4983638185975638e+00   8.9055078046283065e-01   0.0000000000000000e+00   0.0000000000000000e+00   1.2690989876554515e-01   -1.1355669896651484e+00  4.0256240051506222e-02
2.2070483500396763e+00   1.1073630849137310e+00   0.0000000000000000e+00   -1.2127688163031189e+00  2.6333281853732382e+00   5.7207304161565403e+01   7.1352298332170951e+00   3.6368392109853085e+00   0.0000000000000000e+00   2.4948526234507447e+00   1.2279208776209916e+00   1.4976022762490151e+00   8.1018454865596046e-01   0.0000000000000000e+00   0.0000000000000000e+00   1.5732256801652664e-01   -1.1536900255059761e+00  4.0476047291717610e-02
2.2434388198522628e+00   1.0075514906011482e+00   0.0000000000000000e+00   -1.2602841288332787e+00  2.5943545621563047e+00   4.8010117039561663e+01   7.2414683415481162e+00   3.5306007026542874e+00   0.0000000000000000e+00   2.4963351866993384e+00   1.0997553840149916e+00   1.4973957836858149e+00   7.3555045932332397e-01   0.0000000000000000e+00   0.0000000000000000e+00   1.8746048864208664e-01   -1.1733889253104406e+00  3.9641300954741908e-02
2.2745639646062648e+00   9.0739621746601162e-01   0.0000000000000000e+00   -1.3087857500580640e+00  2.5518919474894926e+00   4.1431778787857127e+01   7.3463485273447260e+00   3.4257205168576776e+00   0.0000000000000000e+00   2.4994020820818239e+00   9.7726891346677391e-01   1.4976053493127131e+00   6.6594163787286198e-01   0.0000000000000000e+00   0.0000000000000000e+00   2.1722456199823431e-01   -1.1952508003619298e+00  3.7676589944263122e-02
2.3003850326736375e+00   8.0686561268835100e-01   0.0000000000000000e+00   -1.3585832255361401e+00  2.5065997943901168e+00   3.6508634363765708e+01   7.4501422171967686e+00   3.3219268270056350e+00   0.0000000000000000e+00   2.5021479438722212e+00   8.5868797937014751e-01   1.4982362559176687e+00   6.0083543699623543e-01   0.0000000000000000e+00   0.0000000000000000e+00   2.4651702691274505e-01   -1.2202097653319930e+00  3.4509540490369396e-02
2.3207957092616822e+00   7.0593857334737142e-01   0.0000000000000000e+00   -1.4100407050838240e+00  2.4591590309533662e+00   3.2698491981685557e+01   7.5531124215712255e+00   3.2189566226311781e+00   0.0000000000000000e+00   2.5030072590591987e+00   7.4278757870616419e-01   1.4990184477680835e+00   5.3974891771813571e-01   0.0000000000000000e+00   0.0000000000000000e+00   2.7524205107198535e-01   -1.2495416232667511e+00  3.0093356950691943e-02
2.3356183423425101e+00   6.0460548027130390e-01   0.0000000000000000e+00   -1.4635949203402181e+00  2.4102157786909721e+00   2.9672972107424084e+01   7.6555238770037688e+00   3.1165451671986348e+00   0.0000000000000000e+00   2.5017504366815686e+00   6.2890667352007179e-01   1.4998601159473077e+00   4.8235383317274938e-01   0.0000000000000000e+00   0.0000000000000000e+00   3.0330632089760329e-01   -1.2846849013612003e+00  2.4435339545615029e-02
2.3445975048285739e+00   5.0286890215676583e-01   0.0000000000000000e+00   -1.5197727341929008e+00  2.3602527048922353e+00   2.7221614562284550e+01   7.7576559321353811e+00   3.0144131120670226e+00   0.0000000000000000e+00   2.4996390566385918e+00   5.1655270508777262e-01   1.5007437427218158e+00   4.2839126407557593e-01   0.0000000000000000e+00   0.0000000000000000e+00   3.3061962505594611e-01   -1.3268309360315034e+00  1.7631228512524119e-02
2.3473918889322971e+00   4.0074801928777787e-01   0.0000000000000000e+00   -1.5791805882836214e+00  2.3093647213588793e+00   2.5203347161229892e+01   7.8598150399058619e+00   2.9122540042965417e+00   0.0000000000000000e+00   2.4979412971721051e+00   4.0486757702554865e-01   1.5015805628133887e+00   3.7760366665337547e-01   0.0000000000000000e+00   0.0000000000000000e+00   3.5709542635053759e-01   -1.3763219656043919e+00  9.8928952775166543e-03
2.3435621111133602e+00   2.9827079810374019e-01   0.0000000000000000e+00   -1.6425232967440424e+00  2.2573891072137506e+00   2.3520101100543680e+01   7.9623637993315350e+00   2.8097052448708686e+00   0.0000000000000000e+00   2.4977298640288459e+00   2.9250924218243674e-01   1.5023090383546420e+00   3.2971010062324579e-01   0.0000000000000000e+00   0.0000000000000000e+00   3.8265141640024497e-01   -1.4315025112624069e+00  1.5126058873156840e-03
2.3325590400850862e+00   1.9551442220847226e-01   0.0000000000000000e+00   -1.7103346652649725e+00  2.2042206312525092e+00   2.2101615766392076e+01   8.0657075962386688e+00   2.7063614479637348e+00   0.0000000000000000e+00   2.4993605128453140e+00   1.7765345313079317e-01   1.5029990849491701e+00   2.8434304261325283e-01   0.0000000000000000e+00   0.0000000000000000e+00   4.0721004722584508e-01   -1.4870400456949402e+00  -7.1621927779895725e-03
2.3137084887629418e+00   9.2472624676991286e-02   0.0000000000000000e+00   -1.7835282844695097e+00  2.1499346966782462e+00   2.0896262346235552e+01   8.1704594712751923e+00   2.6016095729272113e+00   0.0000000000000000e+00   2.5018311025195286e+00   5.8057318748438586e-02   1.5034922676339666e+00   2.4069424759421998e-01   0.0000000000000000e+00   0.0000000000000000e+00   4.3069903367773060e-01   -1.5356440793024397e+00  -1.5945608958591869e-02
2.2861508944607323e+00   -1.0455451688042849e-02  0.0000000000000000e+00   -1.8609464009760210e+00  2.0944652716833829e+00   1.9865277197004506e+01   8.2770127908289801e+00   2.4950562533734235e+00   0.0000000000000000e+00   2.5034553296046851e+00   -6.8635762398690278e-02  1.5039421868744698e+00   1.9897030447657996e-01   0.0000000000000000e+00   0.0000000000000000e+00   4.5305182055839188e-01   -1.5713207228151960e+00  -2.5044126396009170e-02
2.2488611936641605e+00   -1.1455936118142537e-01  0.0000000000000000e+00   -1.9506477973853382e+00  2.0373967524728642e+00   6.1080606615031110e+00   8.3875937374577028e+00   2.3844753067447009e+00   0.0000000000000000e+00   2.5011397405778242e+00   -2.0492476222721898e-01  1.5042429024747033e+00   1.5216062485207607e-01   0.0000000000000000e+00   0.0000000000000000e+00   1.4734627730080896e+00   -1.5965972666161949e+00  -3.5417750336046001e-02
2.1985489456133687e+00   -2.2085721919001233e-01  0.0000000000000000e+00   -2.0543806214845945e+00  1.9758824228258018e+00   2.7188418031395480e+00   8.5051971256790377e+00   2.2668719185233659e+00   0.0000000000000000e+00   2.4913624996407622e+00   -3.5944992875965176e-01  1.5043886492634537e+00   1.0769846077623579e-01   0.0000000000000000e+00   0.0000000000000000e+00   3.3102330520324368e+00   -1.6165288268563918e+00  -4.8178834145292192e-02
2.1328233918729067e+00   -3.2570002021615285e-01  0.0000000000000000e+00   -2.1680849858136435e+00  1.9084590575523945e+00   1.6761367663106410e+00   8.6289382317897285e+00   2.1431308124126751e+00   0.0000000000000000e+00   2.4642371829712846e+00   -5.3346206705173338e-01  1.5044052938891561e+00   6.8252898498887049e-02   0.0000000000000000e+00   -5.4315436858745816e+00  5.3211577820240068e+00   -1.6358988408827746e+00  -6.3805545986302448e-02
2.0525307556539318e+00   -4.2306550108202340e-01  0.0000000000000000e+00   -2.2915840450278253e+00  1.8359160119038818e+00   1.1597030423773054e+00   8.7551402297740513e+00   2.0169288144283524e+00   0.0000000000000000e+00   2.4096756469690761e+00   -7.1758574152880450e-01  1.5041229989424088e+00   2.9180039305757213e-02   0.0000000000000000e+00   -3.6551542502060284e+00  6.7590219578211599e+00   -1.6590060615183455e+00  -8.1757281254862632e-02
1.9610214780695328e+00   -5.0656079853600677e-01  0.0000000000000000e+00   -2.4215075489394375e+00  1.7616466798906834e+00   8.5866313849954368e-01   8.8790168320076770e+00   1.8930522121947266e+00   0.0000000000000000e+00   2.3192365343530401e+00   -8.9915777129875196e-01  1.5038721973795051e+00   -5.5337742628615849e-03  0.0000000000000000e+00   -3.8872009435955199e+00  8.0493537375960731e+00   -1.6859741830832966e+00  -1.0097985705658045e-01
1.8651827927274396e+00   -5.7102465153936344e-01  0.0000000000000000e+00   -2.5504665239995603e+00  1.6925228270798480e+00   6.7773517082433998e-01   8.9945185287577214e+00   1.7775505154446822e+00   0.0000000000000000e+00   2.1972374924899083e+00   -1.0646917906295514e+00  1.5035197438980519e+00   -3.3338653545787258e-02  0.0000000000000000e+00   -1.9662495774697053e+00  9.1035243175151077e+00   -1.7143553939845384e+00  -1.2001850218127867e-01
1.7734920674282630e+00   -6.1519039730655811e-01  0.0000000000000000e+00   -2.6710415586281395e+00  1.6331736886419974e+00   5.7974255993241663e-01   9.0962918170266054e+00   1.6757772271757982e+00   0.0000000000000000e+00   2.0563592647139699e+00   -1.2024395885505090e+00  1.5030972090460111e+00   -5.3834526335354037e-02  0.0000000000000000e+00   -2.5638708539034059e+00  9.8047877386050626e+00   -1.7444952518621670e+00  -1.3720138040394605e-01
1.6910530314097367e+00   -6.4419765515698513e-01  0.0000000000000000e+00   -2.7624701647062917e+00  1.5881593869319022e+00   5.9201229476388995e-01   9.1836852702577545e+00   1.5883837739446491e+00   0.0000000000000000e+00   1.9221075731806145e+00   -1.3008579223739687e+00  1.5020029310623031e+00   -1.0691460302531230e-01  0.0000000000000000e+00   0.0000000000000000e+00   1.0000000000000000e+01   -1.7402905631175727e+00  -1.4821790439507235e-01
1.6131729422064431e+00   -6.6511573122744649e-01  0.0000000000000000e+00   -2.8323480227875200e+00  1.5526416056689161e+00   6.9734864273813524e-01   9.2643256708073700e+00   1.5077433733950336e+00   0.0000000000000000e+00   1.8022137543920251e+00   -1.3689335807506748e+00  1.4967224524484728e+00   -2.3155891177769725e-01  0.0000000000000000e+00   2.0380521274924313e+00   9.0691772425681361e+00   -1.7144193410266053e+00  -1.5545838218626068e-01
1.5346602541315131e+00   -6.7903349571448490e-01  0.0000000000000000e+00   -2.9103674651938327e+00  1.5210840913110857e+00   7.8733177343054606e-01   9.3440624023497900e+00   1.4280066418526136e+00   0.0000000000000000e+00   1.6672597980548589e+00   -1.4270520902687212e+00  1.4749594762627838e+00   -3.4225034673943422e-01  0.0000000000000000e+00   4.0687980673062549e+00   9.0883540940947434e+00   -1.6817633280731796e+00  -1.6107400914189088e-01
1.4567614212880076e+00   -6.8590532574890917e-01  0.0000000000000000e+00   -2.9905990357207108e+00  1.4933363947182616e+00   8.4046378317345138e-01   9.4222637463689463e+00   1.3498052978334574e+00   0.0000000000000000e+00   1.5258510359058173e+00   -1.4691028602300420e+00  1.4331336795642056e+00   -4.1806204473189318e-01  0.0000000000000000e+00   2.5028727732952540e+00   9.1348170363442343e+00   -1.6500817285823053e+00  -1.6525575098511441e-01
1.3815460225445737e+00   -6.8575686675757486e-01  0.0000000000000000e+00   -3.0728261389300728e+00  1.4692891781492847e+00   8.4375440665955748e-01   9.4974792916252682e+00   1.2745897525771355e+00   0.0000000000000000e+00   1.3799493749010188e+00   -1.4946838848105701e+00  1.3819925812388263e+00   -4.5951196271051592e-01  0.0000000000000000e+00   2.3346244773989837e+00   9.6817161640226441e+00   -1.6218572210525879e+00  -1.6819791359307340e-01
1.3120031824125966e+00   -6.7944854349017803e-01  0.0000000000000000e+00   3.1297747729401961e+00   1.4494242295486142e+00   7.9776809833071582e-01   9.5673076637677408e+00   1.2047613804346629e+00   0.0000000000000000e+00   1.2374255556356097e+00   -1.5015909348256318e+00  1.3299127554270049e+00   -4.8201373868073638e-01  0.0000000000000000e+00   -1.9384549854607163e+00  9.4806165542828964e+00   -1.5979186937056331e+00  -1.7015248571156147e-01
1.2515956982794223e+00   -6.6852863997349821e-01  0.0000000000000000e+00   3.0510994357650310e+00   1.4341489533265306e+00   7.1611151988155908e-01   9.6286942130445432e+00   1.1433748311578604e+00   0.0000000000000000e+00   1.1025012163947434e+00   -1.4932998968839744e+00  1.2828547410098436e+00   -4.9560768651709758e-01  0.0000000000000000e+00   -1.9708626513341618e+00  9.7870079335080220e+00   -1.5784428757358659e+00  -1.7141733937336437e-01
1.2002124321261023e+00   -6.5572326795142188e-01  0.0000000000000000e+00   2.9889532630583378e+00   1.4239229425910258e+00   6.8416327962951418e-01   9.6816490767796779e+00   1.0904199674227257e+00   0.0000000000000000e+00   9.9606823531695388e-01   -1.4748791331786300e+00  1.2398759163573494e+00   -4.9656823806950728e-01  0.0000000000000000e+00   -2.0529188268051448e+00  9.6579459938760639e+00   -1.5637630340357280e+00  -1.7221496504590691e-01
1.1525036640177702e+00   -6.4111224820850721e-01  0.0000000000000000e+00   2.9387216731075796e+00   1.4174242412750326e+00   7.0067771936764811e-01   9.7315450530938303e+00   1.0405239911085733e+00   0.0000000000000000e+00   9.0441206825002829e-01   -1.4511956387158047e+00  1.1983870771118208e+00   -4.9129100685514054e-01  0.0000000000000000e+00   -1.0549029588436151e-01  9.4001689930342689e+00   -1.5522598527564753e+00  -1.7278834725764911e-01
1.1051631946664844e+00   -6.2380227896965756e-01  0.0000000000000000e+00   2.8873361974490095e+00   1.4139915177198392e+00   7.2439761052097806e-01   9.7819509562545708e+00   9.9011808794783285e-01   0.0000000000000000e+00   8.1395345563107813e-01   -1.4202222803791029e+00  1.1573002070622842e+00   -4.8121446709470728e-01  0.0000000000000000e+00   1.8296454833606259e+00   9.5941181871741623e+00   -1.5430112018837430e+00  -1.7326713838220120e-01
1.0572729027456824e+00   -6.0329770932773674e-01  0.0000000000000000e+00   2.8346100912111765e+00   1.4141043882709607e+00   7.4925200090735045e-01   9.8340462289427908e+00   9.3802281525961284e-01   0.0000000000000000e+00   7.2391963504502099e-01   -1.3818746598187823e+00  1.1195667402100469e+00   -4.5780477223444604e-01  0.0000000000000000e+00   2.0995032315279039e+00   9.8311951158146638e+00   -1.5365276174167790e+00  -1.7367418196009865e-01
1.0082220049967878e+00   -5.7902664048138086e-01  0.0000000000000000e+00   2.7784524700080584e+00   1.4184455797961144e+00   7.6986510333012337e-01   9.8887735105573302e+00   8.8329553364507341e-01   0.0000000000000000e+00   6.3394132295471972e-01   -1.3354335206418624e+00  1.0809462225751891e+00   -4.3205379050566667e-01  0.0000000000000000e+00   8.1165801619264744e-01   9.7771205465005853e+00   -1.5334029094993591e+00  -1.7402014859151863e-01
9.5790959618416938e-01   -5.5043063796986191e-01  0.0000000000000000e+00   2.7182217100575174e+00   1.4278099216949256e+00   7.8234328015252907e-01   9.9466446591563233e+00   8.2542438504608029e-01   0.0000000000000000e+00   5.4347649639934659e-01   -1.2795929582436636e+00  1.0499817273090652e+00   -3.8843699219580019e-01  0.0000000000000000e+00   1.3598658176929863e+00   9.9670061334761009e+00   -1.5343429586754946e+00  -1.7429439350969181e-01
9.0643557407464614e-01   -5.1690858214646374e-01  0.0000000000000000e+00   2.6534265735550813e+00   1.4429913685832405e+00   7.8498062329816864e-01   1.0008071877706072e+01   7.6399716649633120e-01   0.0000000000000000e+00   4.5324538083370236e-01   -1.2127943640208978e+00  1.0216125662343261e+00   -3.4005119988534638e-01  0.0000000000000000e+00   -1.0380260248749251e-01  9.9071067904747157e+00   -1.5399064966059923e+00  -1.7446385882566243e-01
8.5376943313226805e-01   -4.7742394174261693e-01  0.0000000000000000e+00   2.5851890913272348e+00   1.4647107617213919e+00   7.9434678278046866e-01   1.0073895575791060e+01   6.9817346841134409e-01   0.0000000000000000e+00   3.6337548238065598e-01   -1.1315303654915940e+00  1.0030664706604773e+00   -2.7828577712170322e-01  0.0000000000000000e+00   -9.0610335801367958e-01  9.9182748811395562e+00   -1.5504116255701201e+00  -1.7446117023501281e-01
7.9998311548338374e-01   -4.3114624608367597e-01  0.0000000000000000e+00   2.5107131820496433e+00   1.4938819077621135e+00   7.8143633008329683e-01   1.0144850442303007e+01   6.2721860189939704e-01   0.0000000000000000e+00   2.7829787635619502e-01   -1.0374756577990680e+00  9.9376226906977150e-01   -2.0592614901268996e-01  0.0000000000000000e+00   -1.2758618193817477e+00  9.8492387065954432e+00   -1.5653190093762703e+00  -1.7408595088842377e-01
7.4600709713970503e-01   -3.7815732851695505e-01  0.0000000000000000e+00   2.4279475178458600e+00   1.5335736932473607e+00   7.4633607806345448e-01   1.0220489294364166e+01   5.5157974983823799e-01   0.0000000000000000e+00   2.0199880013329741e-01   -9.3229965047248897e-01  9.9256511045060125e-01   -1.2700632448873383e-01  0.0000000000000000e+00   -1.4684676802928449e+00  9.9182748811395562e+00   -1.5327036083163048e+00  -1.6791309180816166e-01
6.9143974808181941e-01   -3.1432923120911371e-01  0.0000000000000000e+00   2.3633960074243103e+00   1.5845358782214460e+00   8.8732723360153976e-01   1.0304463228350519e+01   4.6760581585188454e-01   0.0000000000000000e+00   1.2857001062560197e-01   -7.9553281918011953e-01  9.9681679368028520e-01   -5.3259004392388808e-02  0.0000000000000000e+00   9.8552144748631873e-02   8.4079622319310836e+00   -1.4199470558530547e+00  -1.5279107555379537e-01
6.3010119814752108e-01   -2.3490172313068178e-01  0.0000000000000000e+00   2.3054141110275328e+00   1.6507245693124630e+00   1.3030132352473274e+00   1.0404818331596900e+01   3.6725071260550379e-01   0.0000000000000000e+00   7.5823243683039290e-02   -6.6294745703216129e-01  1.0051744553711692e+00   5.4751701404752037e-02   0.0000000000000000e+00   1.9314206035114332e+00   6.0224915720546788e+00   -1.2481184796474571e+00  -1.3057752462295430e-01
5.6172315044070809e-01   -1.4087754987017648e-01  0.0000000000000000e+00   2.2491439413834486e+00   1.7299276793598140e+00   2.3572292185523285e+00   1.0521077105741119e+01   2.5099193846128465e-01   0.0000000000000000e+00   3.7438803190500657e-02   -5.2215758525940981e-01  1.0075729278149348e+00   1.8336180571449576e-01   0.0000000000000000e+00   3.7339820897694973e+00   3.6490228441113515e+00   -1.0318725902957093e+00  -1.0361616123058932e-01
4.9047277942872491e-01   -3.8017961796314545e-02  0.0000000000000000e+00   2.2075150678036426e+00   1.8133756832771104e+00   1.0027198466097053e+01   1.0646203882364150e+01   1.2586516183825402e-01   0.0000000000000000e+00   1.0054235978143752e-02   -3.7080171198313344e-01  1.0002158086180313e+00   3.1507872690936239e-01   0.0000000000000000e+00   0.0000000000000000e+00   8.9755877780118620e-01   -7.6479481635846147e-01  -7.3072594912137828e-02
