2,440,44.0055974687933,,,,,,,,,,,
-0.0247295588758566,-0.027802152929961,0,-0.013556030545217,2,1.666292072705,44.0055974687933,44.0055974687933,0,0,0,0,0,0
0.0730923953222455,-0.0259537133124568,0,0.0572160195114046,2,1.26119603419804,0.0978394166589067,43.9077580521344,0,0,0,0,0,0
0.157661025961617,-0.0182054662787353,0,0.125328310760597,2,1.26256085925094,0.182762255873773,43.8228352129195,0,0,0,0,0,0
0.240313727030547,-0.00502342224469362,0,0.190527316877396,2,1.31623993290538,0.266459539455173,43.7391379293381,0,0,0,0,0,0
0.321276999076859,0.0132078615617354,0,0.251764696290541,2,1.40642644414973,0.349450087890978,43.6561473809023,0,0,0,0,0,0
0.40077734264838,0.0361038279126187,0,0.308205651377076,2,1.53900731486045,0.432181762013593,43.5734157067797,0,0,0,0,0,0
0.479041258292934,0.0632799195800236,0,0.359250195116297,2,1.72365708224267,0.515029697717104,43.4905677710762,0,0,0,0,0,0
0.556295246558347,0.094351579336017,0,0.404522912782838,2,1.97605761959884,0.598298099544597,43.4072993692487,0,0,0,0,0,0
0.632765807992444,0.128934249952666,0,0.443841194467366,2,2.32222295083276,0.682224900228441,43.3233725685649,0,0,0,0,0,0
0.708679443143051,0.166643374202038,0,0.477173148176146,2,2.80754278938856,0.766988442234625,43.2386090265587,0,0,0,0,0,0
0.784262652557994,0.2070943948562,0,0.504594387973983,2,3.5176968449582,0.852715372760723,43.1528820960326,0,0,0,0,0,0
0.859741936785096,0.249902754687219,0,0.526249598786736,2,4.63446755680594,0.939489090088366,43.0661083787049,0,0,0,0,0,0
0.935343796372185,0.294683896467162,0,0.542321692034219,2,6.62022601151526,1.02735826461585,42.9782392041774,0,0,0,0,0,0
1.01129473186708,0.341053262968096,0,0.553009161421958,2,11.0925529142622,1.11634513304175,42.8892523357515,0,0,0,0,0,0
1.08782124381762,0.388626296962088,0,0.558510993999686,2,30.3859099353056,1.2064534045528,42.7991440642405,0,0,0,0,0,0
1.16514983277162,0.437018441221206,0,0.559017965590145,2,47.7949514965647,1.29767571704054,42.7079217517528,0,0,0,0,0,0
1.24350699927691,0.485845138517517,0,0.554709070851399,2,13.9635550128963,1.39000064277354,42.6155968260198,0,0,0,0,0,0
1.3231192438813,0.534721831623087,0,0.545751976049474,2,8.37584084749732,1.48341927378409,42.5221781950092,0,0,0,0,0,0
1.40421306713264,0.583263963309983,0,0.532306583034961,2,6.08306543704408,1.57793142495116,42.4276660438421,0,0,0,0,0,0
1.48701496957874,0.631086976350274,0,0.514530966739004,2,4.83925982542398,1.67355148364674,42.3320459851466,0,0,0,0,0,0
1.57175145176743,0.677806313516026,0,0.49258905123228,2,4.06421682123475,1.77031391374707,42.2352835550462,0,0,0,0,0,0
1.65864901424653,0.723037417579305,0,0.466659405386388,2,3.54130777428525,1.86827839271568,42.1373190760776,0,0,0,0,0,0
1.74793415756387,0.76639573131218,0,0.436944473405456,2,3.17171716547124,1.96753452696922,42.0380629418241,0,0,0,0,0,0
1.83983338226728,0.807496697486716,0,0.403679431545138,2,2.90432141875043,2.06820605681539,41.9373914119779,0,0,0,0,0,0
1.93457318890458,0.845955758874983,0,0.367139723220513,2,2.71035970046185,2.17045443266821,41.8351430361251,0,0,0,0,0,0
2.03238007802359,0.881388358249045,0,0.327646231713485,2,2.57273963575692,2.27448162458235,41.731115844211,0,0,0,0,0,0
2.13348055017214,0.913409938380971,0,0.285567074290737,2,2.48099106614132,2.3805320232747,41.6250654455186,0,0,0,0,0,0
2.23810110589806,0.941635942042828,0,0.241315207177928,2,2.42868040827858,2.48889330770378,41.5167041610895,0,0,0,0,0,0
2.34646824574917,0.965681812006683,0,0.195341446440149,2,2.41200109119284,2.59989619443123,41.4057012743621,0,0,0,0,0,0
2.4588084702733,0.985162991044602,0,0.148123104157108,2,2.42896868050216,2.71391304574208,41.2916844230512,0,0,0,0,0,0
2.57534828001828,0.999694921928653,0,0.100149110835925,2,2.4789455098055,2.83135539019506,41.1742420785982,0,0,0,0,0,0
2.69631417553191,1.0088930474309,0,0.051903090305903,2,2.56235329662116,2.95267048979182,41.0529269790015,0,0,0,0,0,0
2.82193265736205,1.01237281032342,0,0.00384621433035817,2,2.68049684268258,3.07833715890935,40.927260309884,0,0,0,0,0,0
2.9524302260565,1.00974965337827,0,-0.0435983126662429,2,2.83545508512544,3.20886108923449,40.7967363795588,0,0,0,0,0,0
3.08803338216309,1.00063901936752,0,-0.0900576095975948,2,3.03001371284996,3.3447699542807,40.6608275145126,0,0,0,0,0,0
3.22896862622966,0.984656351063237,0,-0.135217358620517,2,3.36430271730165,3.48660855518407,40.5189889136092,0,0,0,0,0,0
3.36420482277797,0.963615934094705,0,-0.170237430102025,2,4.5228545100806,3.62347172774362,40.3821257410497,0,0,0,0,0,0
3.48852634023146,0.940549198968356,0,-0.196721994453772,2,4.74838401620617,3.74991505090197,40.2556824178913,0,0,0,0,0,0
3.61064082187984,0.914532009999712,0,-0.223157352201501,2,4.69981912379386,3.87477033012589,40.1308271386674,0,0,0,0,0,0
3.73053532133087,0.885658953079138,0,-0.249524932907835,2,4.65621019064785,3.99809244661175,40.0075050221816,0,0,0,0,0,0
3.84819689219233,0.854024614096998,0,-0.275807555920882,2,4.61710635003774,4.11993240992601,39.8856650588673,0,0,0,0,0,0
3.96361258807195,0.819723578943656,0,-0.301989565815374,2,4.58205376061765,4.24033732622087,39.7652601425724,0,0,0,0,0,0
4.07676946257753,0.782850433509475,0,-0.32805695304894,2,4.55059435041017,4.35935038055559,39.6462470882377,0,0,0,0,0,0
4.1876545693168,0.74349976368482,0,-0.353997459534989,2,4.52226468232363,4.4770108331819,39.5285866356114,0,0,0,0,0,0
4.29625496189754,0.701766155360055,0,-0.379800669292575,2,4.49659497146199,4.59335402951282,39.4122434392805,0,0,0,0,0,0
4.4025576939275,0.657744194425544,0,-0.405458084769225,2,4.47310828720708,4.70841142337152,39.2971860454218,0,0,0,0,0,0
4.50654981901446,0.611528466771649,0,-0.430963189833881,2,4.45131997588397,4.82221061301134,39.183386855782,0,0,0,0,0,0
4.60821839076617,0.563213558288737,0,-0.456311500795711,2,4.43073734255931,4.93477538931257,39.0708220794807,0,0,0,0,0,0
4.7075504627904,0.512894054867171,0,-0.481500607115854,2,4.41085963329476,5.04612579549601,38.9594716732973,0,0,0,0,0,0
4.8045330886949,0.460664542397314,0,-0.50653020374158,2,4.39117836154566,5.15627819764945,38.8493192711439,0,0,0,0,0,0
4.89915332208744,0.40661960676953,0,-0.531402117207241,2,4.37117802448878,5.26524536533894,38.7403521034544,0,0,0,0,0,0
4.99139821657578,0.350853833874184,0,-0.556120327817885,2,4.35033725653883,5.37303656157398,38.6325609072193,0,0,0,0,0,0
5.08125482576769,0.29346180960164,0,-0.580690990365454,2,4.32813046791214,5.47965764141079,38.5259398273825,0,0,0,0,0,0
5.16871020327092,0.234538119842262,0,-0.605122455932166,2,4.30403001536205,5.58511115851236,38.4204863102809,0,0,0,0,0,0
5.25375140269324,0.174177350486413,0,-0.629425297419725,2,4.27750895024062,5.68939647903455,38.3162009897588,0,0,0,0,0,0
5.33636547764241,0.112474087424458,0,-0.653612341516458,2,4.2480443847087,5.79250990227421,38.2130875665191,0,0,0,0,0,0
5.41653948172619,0.0495229165467606,0,-0.67769870988726,2,4.21512151046459,5.89444478759665,38.1111526811967,0,0,0,0,0,0
5.49426046855235,-0.0145815762563155,0,-0.701701872453767,2,4.17823829458097,5.99519168725501,38.0104057815383,0,0,0,0,0,0
5.56951549172865,-0.0797448050944057,0,-0.725641715734379,2,4.13691086419804,6.09473848482214,37.9108589839712,0,0,0,0,0,0
5.64229160486284,-0.145872184077146,0,-0.74954062934552,2,4.09067957483943,6.19307053907734,37.812526929716,0,0,0,0,0,0
5.7125758615627,-0.212869127314173,0,-0.773423613935891,2,4.03911573560131,6.29017083332487,37.7154266354684,0,0,0,0,0,0
5.78035531543598,-0.280641048915123,0,-0.797318414043199,2,3.98182893898161,6.38602013026985,37.6195773385235,0,0,0,0,0,0
5.84561702009045,-0.349093362989631,0,-0.821255679635433,2,3.91847491229695,6.4805971327417,37.5250003360516,0,0,0,0,0,0
5.90834802913387,-0.418131483647333,0,-0.845269160432752,2,3.84876377288648,6.57387865073725,37.4317188180561,0,0,0,0,0,0
5.968535396174,-0.487660824997866,0,-0.869395937506047,2,3.77246853095423,6.66583977545776,37.3397576933355,0,0,0,0,0,0
6.0261661748186,-0.557586801150865,0,-0.893676697116129,2,3.68943364222898,6.7564540612417,37.2491434075516,0,0,0,0,0,0
6.08122741867544,-0.627814826215966,0,-0.918156052290917,2,3.59958337095837,6.84569371655035,37.159903752243,0,0,0,0,0,0
6.13370618135227,-0.698250314302806,0,-0.942882918228191,2,3.502929682341,6.93352980545533,37.072067663338,0,0,0,0,0,0
6.18358951645687,-0.76879867952102,0,-0.967910948239488,2,3.39957934704366,7.01993246141057,36.9856650073827,0,0,0,0,0,0
6.23086447759698,-0.839365335980245,0,-0.993299037582333,2,3.28973991055828,7.1048711154771,36.9007263533162,0,0,0,0,0,0
6.27551811838039,-0.909855697790116,0,-1.01911190310593,2,3.17372416216632,7.18831474161655,36.8172827271768,0,0,0,0,0,0
6.31753749241484,-0.98017517906027,0,-1.04542074706731,2,3.05195273471071,7.27023212219204,36.7353653466013,0,0,0,0,0,0
6.3569096533081,-1.05022919390034,0,-1.07230401361693,2,2.92495448190453,7.35059213742734,36.655005331366,0,0,0,0,0,0
6.39362165466793,-1.11992315641997,0,-1.09984824608475,2,2.79336431735575,7.42936408329344,36.5762333854999,0,0,0,0,0,0
6.42766055010209,-1.18916248072879,0,-1.12814905198791,2,2.65791826097706,7.50651802313529,36.499079445658,0,0,0,0,0,0
6.45901339321835,-1.25785258093643,0,-1.15731218013776,2,2.51944552499704,7.58202517933924,36.4235722894541,0,0,0,0,0,0
6.48766723762447,-1.32589887115253,0,-1.18745470962431,2,2.378857582131,7.65585837249398,36.3497390962993,0,0,0,0,0,0
6.51360913692821,-1.39320676548674,0,-1.21870634275577,2,2.40038045253138,7.72799251683069,36.2776049519626,0,0,0,0,0,0
6.53928856743979,-1.46658098596315,0,-1.24377440443465,2,5.23663234552051,7.80573059875918,36.1998668700341,0,0,0,0,0,0
6.56767015828985,-1.55204341164911,0,-1.25634868845907,2,7.51118692662344,7.89578247771408,36.1098149910792,0,0,0,0,0,0
6.59538153258346,-1.63898174608215,0,-1.2679246341488,2,8.27425188575189,7.98703045993414,36.0185670088592,0,0,0,0,0,0
6.62246552640796,-1.72732852180682,0,-1.27855623266848,2,9.13301863587089,8.07943552203806,35.9261619467552,0,0,0,0,0,0
6.6489649758507,-1.81701627136767,0,-1.28829294575912,2,10.1060517686622,8.17295617880468,35.8326412899886,0,0,0,0,0,0
6.67492271699903,-1.90797752730928,0,-1.29717995971011,2,11.2175487596306,8.26754874937974,35.7380487194135,0,0,0,0,0,0
6.70038158594028,-2.00014482217619,0,-1.30525843999738,2,12.4996432581376,8.36316759820596,35.6424298705873,0,0,0,0,0,0
6.72538441876181,-2.09345068851296,0,-1.31256578006526,2,13.9959335385645,8.45976535357303,35.5458321152203,0,0,0,0,0,0
6.74997405155095,-2.18782765886415,0,-1.31913583978791,2,15.7670706570546,8.55729310640972,35.4483043623836,0,0,0,0,0,0
6.77419332039505,-2.28320826577432,0,-1.32499917068829,2,17.8999606363867,8.65570059168343,35.3498968771099,0,0,0,0,0,0
6.79808506138146,-2.37952504178802,0,-1.33018322613408,2,20.5236375357065,8.75493635453652,35.2506611142568,0,0,0,0,0,0
6.82169211059751,-2.47671051944981,0,-1.3347125555618,2,23.8382254012795,8.85494790307487,35.1506495657184,0,0,0,0,0,0
6.84505730413056,-2.57469723130425,0,-1.3386089823759,2,28.1715884027179,8.95568184953227,35.049915619261,0,0,0,0,0,0
6.86822347806794,-2.67341770989589,0,-1.34189176558658,2,34.1004063121668,9.05708404136391,34.9485134274294,0,0,0,0,0,0
6.89123346849701,-2.7728044877693,0,-1.34457774553296,2,42.7411478549102,9.15909968367235,34.8464977851209,0,0,0,0,0,0
6.9141301115051,-2.87279009746903,0,-1.3466814742218,2,56.5739960557678,9.26167345423806,34.7439240145552,0,0,0,0,0,0
6.93695624317956,-2.97330707153963,0,-1.34821533092313,2,82.4390162615368,9.36474961231319,34.6408478564801,0,0,0,0,0,0
6.95975469960773,-3.07428794252567,0,-1.34918962372281,2,148.623320536603,9.46827210223981,34.5373253665535,0,0,0,0,0,0
6.98256831687696,-3.1756652429717,0,-1.34961267775444,2,693.705618812784,9.57218465287077,34.4334128159225,0,0,0,0,0,0
7.0054399310746,-3.27737150542228,0,-1.34949091083091,2,266.085705925142,9.67643087370237,34.3291665950909,0,0,0,0,0,0
7.02841237828797,-3.37933926242197,0,-1.34882889717785,2,112.394014391108,9.78095434857055,34.2246431202227,0,0,0,0,0,0
7.05152849460444,-3.48150104651532,0,-1.34762941994576,2,71.4219374244594,9.88569872771661,34.1198987410767,0,0,0,0,0,0
7.07483111611134,-3.58378939024689,0,-1.34589351314854,2,52.3693415871308,9.99060781899301,34.0149896498003,0,0,0,0,0,0
7.09836307889603,-3.68613682616124,0,-1.34362049364999,2,41.3169321553586,10.0956256789538,33.9099717898395,0,0,0,0,0,0
7.12216721904583,-3.78847588680292,0,-1.34080798379862,2,34.0722732452665,10.2006967045569,33.8049007642364,0,0,0,0,0,0
7.1462863726481,-3.89073910471649,0,-1.33745192530028,2,28.9370818895749,10.3057657261976,33.6998317425957,0,0,0,0,0,0
7.17076337579019,-3.99285901244652,0,-1.33354658491926,2,25.0927236802434,10.4107781027901,33.5948193660032,0,0,0,0,0,0
7.19564106455942,-4.09476814253755,0,-1.3290845526167,2,22.0960677382489,10.5156798196226,33.4899176491707,0,0,0,0,0,0
7.22096227504316,-4.19639902753415,0,-1.32405673277284,2,19.6864066114113,10.6204175897228,33.3851798790705,0,0,0,0,0,0
7.24676984332874,-4.29768419998087,0,-1.31845232920246,2,17.7004003057611,10.7249389594917,33.2806585093016,0,0,0,0,0,0
7.27310660550351,-4.39855619242226,0,-1.31225882476412,2,16.0305481635029,10.8291924193909,33.1764050494024,0,0,0,0,0,0
7.30001539765482,-4.4989475374029,0,-1.30546195649046,2,14.6032425465089,10.9331275204976,33.0724699482957,0,0,0,0,0,0
7.32753905586999,-4.59879076746732,0,-1.29804568733478,2,13.3664167005035,11.0366949977829,32.9689024710104,0,0,0,0,0,0
7.35572041623639,-4.6980184151601,0,-1.28999217584562,2,12.2822256777852,11.139846901007,32.8657505677863,0,0,0,0,0,0
7.38460231484135,-4.79656301302578,0,-1.28128174535571,2,11.3225197569303,11.2425367341724,32.7630607346209,0,0,0,0,0,0
7.41422758777222,-4.89435709360893,0,-1.27189285461299,2,10.4659415694743,11.3447196045242,32.6608778642691,0,0,0,0,0,0
7.44463907111635,-4.99133318945411,0,-1.26180207220119,2,9.69600568964889,11.4463523821334,32.5592450866599,0,0,0,0,0,0
7.47587960096107,-5.08742383310586,0,-1.25098405760656,2,8.99979342251009,11.5473938711485,32.4582035976448,0,0,0,0,0,0
7.50799201339373,-5.18256155710874,0,-1.23941155239806,2,8.36704448597249,11.6478049938426,32.3577924749507,0,0,0,0,0,0
7.54101914450168,-5.27667889400733,0,-1.22705538571208,2,7.78951155892135,11.7475489886197,32.2580484801736,0,0,0,0,0,0
7.57500383037226,-5.36970837634616,0,-1.21388449907901,2,7.2604930244413,11.8465916231664,32.1590058456269,0,0,0,0,0,0
7.60998890709281,-5.4615825366698,0,-1.19986599660528,2,6.77448905213807,11.9449014239409,32.0606960448524,0,0,0,0,0,0
7.64601721075068,-5.55223390752281,0,-1.18496522762988,2,6.32694466427204,12.0424499231707,31.9631475456226,0,0,0,0,0,0
7.68313157743321,-5.64159502144974,0,-1.16914591020186,2,5.9140551991844,12.1392119244755,31.8663855443178,0,0,0,0,0,0
7.72137484322775,-5.72959841099515,0,-1.15237030504959,2,5.53261723720521,12.2351657881294,31.7704316806639,0,0,0,0,0,0
7.76078984422164,-5.8161766087036,0,-1.13459945109211,2,5.17991312928793,12.3302937368185,31.6753037319748,0,0,0,0,0,0
7.80141941650222,-5.90126214711965,0,-1.11579347490412,2,4.8536206968773,12.4245821825118,31.5810152862815,0,0,0,0,0,0
7.84330639615684,-5.98478755878784,0,-1.0959119877809,2,4.55174202640646,12.5180220747363,31.487575394057,0,0,0,0,0,0
7.88649361927284,-6.06668537625273,0,-1.07491458500058,2,5.70193292222351,12.6106092701036,31.3949881986897,0,0,0,0,0,0
7.94663025539357,-6.1756472307805,0,-1.05804694064654,2,7.3572707471757,12.7350644859286,31.2705329828647,0,0,0,0,0,0
8.00722278193501,-6.28122058099885,0,-1.04146882832421,2,7.34218756216279,12.8567903523211,31.1488071164722,0,0,0,0,0,0
8.06821640984784,-6.3835668706733,0,-1.02525678750761,2,7.37119674916113,12.9759330636218,31.0296644051715,0,0,0,0,0,0
8.12955635008273,-6.48284754356932,0,-1.00949006776819,2,7.44907774911108,13.0926345643779,30.9129629044154,0,0,0,0,0,0
8.19118781359038,-6.57922404345244,0,-0.994250045781194,2,7.58247777071096,13.2070324097414,30.7985650590519,0,0,0,0,0,0
8.25305601132147,-6.67285781408814,0,-0.979619598093925,2,7.78063923504173,13.3192596653166,30.6863378034767,0,0,0,0,0,0
8.31510615422667,-6.76391029924194,0,-0.965682442602312,2,8.05651581459822,13.4294448516496,30.5761526171437,0,0,0,0,0,0
8.37728345325669,-6.85254294267932,0,-0.952522461845565,2,8.42854128500106,13.5377119380488,30.4678855307445,0,0,0,0,0,0
8.43953311936219,-6.9389171881658,0,-0.940223020495094,2,8.9235427711581,13.644180389778,30.3614170790153,0,0,0,0,0,0
8.50180036349387,-7.02319447946688,0,-0.928866287813187,2,9.58176399679154,13.7489652718975,30.2566321968958,0,0,0,0,0,0
8.5640303966024,-7.10553626034804,0,-0.918532573494904,2,10.4660229012293,13.8521774121687,30.1534200566246,0,0,0,0,0,0
8.62616842963848,-7.18610397457481,0,-0.909299682357938,2,11.6796002235377,13.9539236245077,30.0516738442857,0,0,0,0,0,0
8.68815967355278,-7.26505906591267,0,-0.901242290040427,2,13.4043991153502,14.0543069934998,29.9512904752935,0,0,0,0,0,0
8.749949339296,-7.34256297812713,0,-0.894431338474673,2,15.9924056491062,14.1534272194943,29.852170249299,0,0,0,0,0,0
8.81148263781881,-7.41877715498369,0,-0.888933446714483,2,20.2236493639443,14.2513810227947,29.7542164459986,0,0,0,0,0,0
8.87270478007189,-7.49386304024785,0,-0.884810329996903,2,28.2382830650602,14.3482626044703,29.657334864323,0,0,0,0,0,0
8.93356097700594,-7.56798207768511,0,-0.882118217994989,2,48.7838244148082,14.4441641603279,29.5614333084654,0,0,0,0,0,0
8.99399643957164,-7.64129571106097,0,-0.880907262322109,2,208.821213425358,14.539176443609,29.4664210251843,0,0,0,0,0,0
9.05395637871966,-7.71396538414094,0,-0.881220923701273,2,86.0731801243306,14.6333893710032,29.3722080977901,0,0,0,0,0,0
9.1133860054007,-7.78615254069051,0,-0.883095330991582,2,34.9540195017312,14.7268926655878,29.2787048032055,0,0,0,0,0,0
9.17223053056544,-7.85801862447519,0,-0.886558607587307,2,21.712401717162,14.8197765293124,29.1858209394809,0,0,0,0,0,0
9.23043516516456,-7.92972507926047,0,-0.891630165616378,2,15.6694961772875,14.9121323366376,29.0934651321557,0,0,0,0,0,0
9.28794512014874,-8.00143334881186,0,-0.898319974805864,2,12.2344678805845,15.0040533399194,29.0015441288739,0,0,0,0,0,0
9.34470560646868,-8.07330487689487,0,-0.906627820659865,2,10.0362763294727,15.0956353761288,28.9099620926645,0,0,0,0,0,0
9.40066183507505,-8.14550110727498,0,-0.916542575347446,2,8.52228180509157,15.1869775635394,28.8186199052539,0,0,0,0,0,0
9.45575901691854,-8.2181834837177,0,-0.928041513858812,2,7.42710267843688,15.2781829761663,28.727414492627,0,0,0,0,0,0
9.50994236294983,-8.29151344998854,0,-0.94108971676932,2,6.60761386649373,15.3693592830691,28.6362381857242,0,0,0,0,0,0
9.56315708411961,-8.36565244985298,0,-0.955639608353557,2,5.97996975241636,15.4606193392277,28.5449781295655,0,0,0,0,0,0
9.61534839137856,-8.44076192707655,0,-0.97163068365837,2,5.49193175471305,15.5520817146736,28.4535157541197,0,0,0,0,0,0
9.66646149567736,-8.51700332542473,0,-0.988989479268376,2,5.10938558112194,15.6438711489955,28.3617263197977,0,0,0,0,0,0
9.71644160796671,-8.59453808866302,0,-1.00762983879281,2,4.80922979865638,15.7361189193473,28.269478549446,0,0,0,0,0,0
9.76523393919728,-8.67352766055694,0,-1.02745351481303,2,4.575381487352,15.8289631117069,28.1766343570864,0,0,0,0,0,0
9.81278370031975,-8.75413348487197,0,-1.04835113395801,2,4.39641526509341,15.9225487874073,28.083048681386,0,0,0,0,0,0
9.85903610228481,-8.83651700537362,0,-1.07020353147406,2,4.26410779424026,16.017028039827,27.9885694289663,0,0,0,0,0,0
9.90393635604315,-8.9208396658274,0,-1.09288343752216,2,3.48803452409345,16.1125599394918,27.8930375293015,0,0,0,0,0,0
9.94321761970904,-8.99953125704614,0,-1.12871831359748,2,2.04536269035896,16.2005109724802,27.8050864963131,0,0,0,0,0,0
9.97757059010171,-9.07626404485401,0,-1.17051927776924,2,2.08125102307956,16.2845826520136,27.7210148167797,0,0,0,0,0,0
10.0093412996418,-9.15576898671193,0,-1.21029982179987,2,2.22363411550128,16.3702004875651,27.6353969812282,0,0,0,0,0,0
10.0385100239155,-9.23788319846832,0,-1.24825816785201,2,2.36761554540545,16.4573415126229,27.5482559561704,0,0,0,0,0,0
10.0650570385091,-9.32244379597157,0,-1.28458356024571,2,2.51145991267078,16.5459712967473,27.459626172046,0,0,0,0,0,0
10.0889626190089,-9.40928789507008,0,-1.31945501717067,2,2.65337597987809,16.6360455679198,27.3695519008735,0,0,0,0,0,0
10.1102070410009,-9.49825261161225,0,-1.3530408627173,2,2.7915550055824,16.7275116613928,27.2780858074005,0,0,0,0,0,0
10.1287705800716,-9.58917506144647,0,-1.38549879772127,2,2.92421159015886,16.8203098125957,27.1852876561976,0,0,0,0,0,0
10.1446335118071,-9.68189236042115,0,-1.41697632722329,2,3.0496254291341,16.9143743124477,27.0912231563456,0,0,0,0,0,0
10.1577761117936,-9.77624162438469,0,-1.44761141068435,2,3.16618229542367,17.0096345431049,26.9959629256883,0,0,0,0,0,0
10.1681786556174,-9.87205996918547,0,-1.47753323889253,2,3.27241258676859,17.1060159112129,26.8995815575804,0,0,0,0,0,0
10.1758214188647,-9.96918451067191,0,-1.50686307012958,2,3.3670258823132,17.2034406944511,26.8021567743422,0,0,0,0,0,0
10.1806846771218,-10.0674523646924,0,-1.53571507929215,2,3.448940151199,17.3018288157599,26.7037686530334,0,0,0,0,0,0
10.1827487059749,-10.1667006470954,0,-1.56419718887016,2,3.51730453241537,17.401098558255,26.6044989105383,0,0,0,0,0,0
10.1819937810102,-10.2667664737291,0,-1.59241186134723,2,3.57151494229603,17.5011672325322,26.5044302362611,0,0,0,0,0,0
10.1784001778139,-10.3674869604422,0,-1.62045683981828,2,3.61122213507044,17.6019518068859,26.4036456619074,0,0,0,0,0,0
10.1719481719723,-10.4686992230829,0,-1.64842582828862,2,3.63633222037251,17.7033695099176,26.3022279588757,0,0,0,0,0,0
10.1626180390716,-10.5702403774996,0,-1.67640910588475,2,3.64699999682318,17.8053384141003,26.200259054693,0,0,0,0,0,0
10.1503900546981,-10.6719475395408,0,-1.70449407055833,2,3.64361577358405,17.9077780080682,26.0978194607251,0,0,0,0,0,0
10.135244494438,-10.7736578250548,0,-1.73276570815932,2,3.62678660132746,18.0106097647144,25.9949877040789,0,0,0,0,0,0
10.1171616338775,-10.8752083498901,0,-1.76130698225041,2,3.59731300958708,18.1137577115692,25.8918397572241,0,0,0,0,0,0
10.0961217486028,-10.976436229895,0,-1.79019913892619,2,3.55616244554863,18.2171490093783,25.788448459415,0,0,0,0,0,0
10.0721051142002,-11.0771785809179,0,-1.81952191933547,2,3.50444063305767,18.3207145442713,25.684882924522,0,0,0,0,0,0
10.045092006256,-11.1772725188073,0,-1.84935367071592,2,3.44336202678451,18.4243895383779,25.5812079304154,0,0,0,0,0,0
10.0150627003563,-11.2765551594115,0,-1.87977134466762,2,3.37422044076391,18.5281141831744,25.4774832856189,0,0,0,0,0,0
9.98199747208736,-11.374863618579,0,-1.91085036927316,2,3.29836079386956,18.6318342991807,25.3737631696126,0,0,0,0,0,0
9.94587659703547,-11.4720350121581,0,-1.94266437971548,2,3.21715275535561,18.735502024846,25.2700954439473,0,0,0,0,0,0
9.90668035078683,-11.5679064559972,0,-1.97528479051663,2,3.13196690332302,18.8390765364972,25.1665209322961,0,0,0,0,0,0
9.86438900892768,-11.6623150659448,0,-2.00878019177152,2,3.04415384034021,18.9425248000326,25.0630726687607,0,0,0,0,0,0
9.81898284704425,-11.7550979578492,0,-2.04321555223371,2,2.95502655371555,19.0458223535715,24.9597751152218,0,0,0,0,0,0
9.77044214072277,-11.8460922475588,0,-2.07865121438305,2,2.86584616752131,19.1489541184645,24.8566433503288,0,0,0,0,0,0
9.71874716554948,-11.935135050922,0,-2.11514167132263,2,2.77781111516403,19.2519152338865,24.7536822349068,0,0,0,0,0,0
9.66387819711062,-12.0220634837873,0,-2.15273412322265,2,2.69204966458211,19.3547119076555,24.6508855611378,0,0,0,0,0,0
9.60581551099241,-12.106714662003,0,-2.19146682273046,2,2.60961565354565,19.4573622729377,24.5482351958556,0,0,0,0,0,0
9.54453938278108,-12.1889257014176,0,-2.23136723481582,2,2.53148723675011,19.5598972371703,24.445700231623,0,0,0,0,0,0
9.48003008806289,-12.2685337178793,0,-2.27245005707239,2,2.45856840704443,19.6623613059458,24.3432361628475,0,0,0,0,0,0
9.41226790242404,-12.3453758272367,0,-2.31471517109777,2,2.39169302630855,19.7648133609425,24.2407841078508,0,0,0,0,0,0
9.34123310145079,-12.4192891453381,0,-2.3581456228881,2,2.33163108303283,19.8673273675078,24.1382701012855,0,0,0,0,0,0
9.26690596072936,-12.490110788032,0,-2.40270575775383,2,2.27909688159133,19.9699929845452,24.0356044842481,0,0,0,0,0,0
9.18926675584599,-12.5576778711666,0,-2.44833965941327,2,2.23475885809279,20.0729160473555,23.9326814214378,0,0,0,0,0,0
9.1082957623869,-12.6218275105905,0,-2.49497005889928,2,2.19925070988347,20.1762188934923,23.829378575301,0,0,0,0,0,0
9.02397325593835,-12.682396822152,0,-2.54249788141433,2,2.17318351782125,20.2800405029809,23.7255569658124,0,0,0,0,0,0
8.93627951208654,-12.7392229216995,0,-2.59080258336188,2,2.15715853453744,20.3845364277843,23.621061041009,0,0,0,0,0,0
8.84519480641774,-12.7921429250814,0,-2.63974339419896,2,2.15178030841388,20.4898784913901,23.5157189774032,0,0,0,0,0,0
8.75069941451815,-12.8409939481462,0,-2.68916151827555,2,2.15766981499299,20.5962542477668,23.4093432210265,0,0,0,0,0,0
8.65277361197402,-12.8856131067421,0,-2.73888327434584,2,2.1905199017349,20.703866199323,23.3017312694703,0,0,0,0,0,0
8.55119173333185,-12.9259531716453,0,-2.78358821772817,2,4.43700502557519,20.8131648676811,23.1924326011122,0,0,0,0,0,0
8.44660608592616,-12.9645027307847,0,-2.79336245680658,2,11.2308838539317,20.9246288804974,23.0809685882959,0,0,0,0,0,0
8.34189153070836,-13.001924984337,0,-2.80341714517559,2,10.887507724402,21.0358294341624,22.9697680346309,0,0,0,0,0,0
8.23708332853806,-13.0381794756281,0,-2.81376512904919,2,10.5463782046869,21.1467309552563,22.858866513537,0,0,0,0,0,0
8.13221674027481,-13.0732257479834,0,-2.82441979215364,2,10.2081184286012,21.257298773992,22.7482986948013,0,0,0,0,0,0
8.02732702677823,-13.1070233447287,0,-2.83539507596493,2,9.87331636601083,21.3674991802669,22.6380982885264,0,0,0,0,0,0
7.92244944890787,-13.1395318091897,0,-2.84670549857646,2,9.54252548105465,21.4772994835523,22.528297985241,0,0,0,0,0,0
7.81761926752334,-13.1707106846919,0,-2.85836617173712,2,9.21626541030898,21.586668076881,22.4189293919123,0,0,0,0,0,0
7.71287174348419,-13.2005195145611,0,-2.87039281551027,2,8.8950226678124,21.695574505206,22.3100229635873,0,0,0,0,0,0
7.60824213765004,-13.2289178421229,0,-2.88280176990134,2,8.5792513641909,21.8039895384132,22.2016079303801,0,0,0,0,0,0
7.50376571088045,-13.255865210703,0,-2.89561000268509,2,8.26937394889068,21.9118852492822,22.0937122195111,0,0,0,0,0,0
7.399477724035,-13.281321163627,0,-2.90883511253224,2,7.96578196416036,22.019235096695,21.9863623720983,0,0,0,0,0,0
7.29541343797329,-13.3052452442206,0,-2.92249532638723,2,7.66883681974201,22.1260140143978,21.8795834543955,0,0,0,0,0,0
7.19160811355488,-13.3275969958094,0,-2.93660948988567,2,7.37887058294369,22.2321985056227,21.7733989631706,0,0,0,0,0,0
7.08809701163938,-13.3483359617192,0,-2.9511970494197,2,7.09618678737798,22.3377667438706,21.6678307249227,0,0,0,0,0,0
6.98491539308635,-13.3674216852754,0,-2.96627802426477,2,6.8210612637113,22.4426986801479,21.5628987886454,0,0,0,0,0,0
6.88209851875538,-13.384813709804,0,-2.981872966973,2,6.55374299057672,22.5469761569316,21.4586213118617,0,0,0,0,0,0
6.77968164950605,-13.4004715786304,0,-2.99800291002066,2,6.29445497443122,22.6505830291121,21.3550144396812,0,0,0,0,0,0
6.67770004619795,-13.4143548350803,0,-3.01468929647563,2,6.04339515620109,22.7535052921214,21.2520921766719,0,0,0,0,0,0
6.57618896969066,-13.4264230224794,0,-3.03195389223311,2,5.80073735232399,22.8557312174083,21.149866251385,0,0,0,0,0,0
6.47518368084376,-13.4366356841534,0,-3.04981867716521,2,5.56663223410535,22.9572514953507,21.0483459734426,0,0,0,0,0,0
6.37471944051683,-13.4449523634279,0,-3.06830571235785,2,5.34120834840885,23.0580593856105,20.9475380831828,0,0,0,0,0,0
6.27483150956946,-13.4513326036286,0,-3.08743698048542,2,5.12457318794835,23.1581508748289,20.8474465939644,0,0,0,0,0,0
6.17555514886123,-13.4557359480811,0,-3.10723419632433,2,4.91681431472932,23.257524841429,20.7480726273643,0,0,0,0,0,0
6.07692561925172,-13.4581219401111,0,-3.12771858446119,2,4.71800054365133,23.3561832271292,20.6494142416641,0,0,0,0,0,0
5.97897818160051,-13.4584501230442,0,3.13427468573444,2,4.52818319289793,23.4541312145841,20.5514662542092,0,0,0,0,0,0
5.88174809676719,-13.4566800402062,0,3.11235556717195,2,4.34739740679866,23.5513774103449,20.4542200584484,0,0,0,0,0,0
5.78527062561134,-13.4527712349226,0,3.08969131360769,2,4.17566355899749,23.6479340320721,20.3576634367211,0,0,0,0,0,0
5.68958102899254,-13.4466832505191,0,3.06626562703266,2,4.01298874094044,23.7438170986437,20.2617803701496,0,0,0,0,0,0
5.59471456777038,-13.4383756303215,0,3.04206438128866,2,3.859368343249,23.8390466214723,20.166550847321,0,0,0,0,0,0
5.50070650280443,-13.4278079176552,0,3.01707607699914,2,3.71478773477906,23.9336467949903,20.071950673803,0,0,0,0,0,0
5.40759209495429,-13.4149396558461,0,2.99129233122143,2,3.57922404457095,24.0276461838781,19.9779512849152,0,0,0,0,0,0
5.31540660507953,-13.3997303882197,0,2.96470839571657,2,3.45264805041056,24.1210779042153,19.8845195645779,0,0,0,0,0,0
5.22418529403973,-13.3821396581018,0,2.93732369503502,2,3.33502617626123,24.2139797953366,19.7916176734567,0,0,0,0,0,0
5.13396342269448,-13.3621270088179,0,2.90914237261746,2,3.22632259922548,24.3063945787881,19.6992028900052,0,0,0,0,0,0
5.04477625190336,-13.3396519836937,0,2.88017382993109,2,3.12650146399273,24.3983700004401,19.6072274683532,0,0,0,0,0,0
4.95665904252596,-13.314674126055,0,2.85043324048225,2,3.03552920074828,24.4899589515242,19.5156385172691,0,0,0,0,0,0
4.86964705542185,-13.2871529792273,0,2.81994201761124,2,2.95337693886753,24.5812195641811,19.4243779046122,0,0,0,0,0,0
4.78377555145062,-13.2570480865363,0,2.78872821258535,2,2.88002300591549,24.6722152770374,19.3333821917559,0,0,0,0,0,0
4.69907979147185,-13.2243189913077,0,2.75682681800856,2,2.81545549756889,24.7630148664244,19.2425826023689,0,0,0,0,0,0
4.61559503634513,-13.1889252368671,0,2.72427995131856,2,2.75967490064816,24.8536924391311,19.1519050296622,0,0,0,0,0,0
4.53335654693003,-13.1508263665402,0,2.69113689447925,2,2.7126967475403,24.9443273830626,19.0612700857307,0,0,0,0,0,0
4.45239958408614,-13.1099819236526,0,2.65745396915406,2,2.67455427735327,25.0350042728841,18.9705931959092,0,0,0,0,0,0
4.37275940867304,-13.0663514515301,0,2.62329423178481,2,2.64530107576916,25.1258127286438,18.8797847401495,0,0,0,0,0,0
4.29447128155032,-13.0198944934982,0,2.58872698003977,2,3.00475324128474,25.2168472264892,18.7887502423041,0,0,0,0,0,0
4.20352849884868,-12.961773599655,0,2.56453682425117,2,7.90690311967877,25.3247760364829,18.6808214323104,0,0,0,0,0,0
4.0988807012353,-12.8926984380984,0,2.55182295697071,2,9.91387177606846,25.4501655874407,18.5554318813526,0,0,0,0,0,0
3.99545598276954,-12.8225397847372,0,2.53928292305049,2,10.0195040270546,25.5751412211905,18.4304562476028,0,0,0,0,0,0
3.89324969326281,-12.7513332910175,0,2.52691752516441,2,10.1289443916755,25.699706426455,18.3058910423383,0,0,0,0,0,0
3.79225718252651,-12.6791146083851,0,2.51472733667213,2,10.2421051499349,25.8238636869998,18.1817337817935,0,0,0,0,0,0
3.69247380037203,-12.6059193882859,0,2.50271271316732,2,10.358897568706,25.9476144995206,18.0579829692727,0,0,0,0,0,0
3.59389489661077,-12.5317832821661,0,2.49087380416122,2,10.479231818201,26.0709593919863,17.934638076807,0,0,0,0,0,0
3.49651582105412,-12.4567419414714,0,2.47921056482682,2,10.6030169013105,26.1938979423663,17.811699526427,0,0,0,0,0,0
3.40033192351349,-12.3808310176478,0,2.46772276773574,2,10.7301605972509,26.3164287976716,17.6891686711217,0,0,0,0,0,0
3.30533855380028,-12.3040861621414,0,2.45641001452673,2,10.8605694200741,26.4385496932471,17.5670477755462,0,0,0,0,0,0
3.21153106172587,-12.226543026398,0,2.44527174745146,2,10.9941485920439,26.5602574722516,17.4453399965417,0,0,0,0,0,0
3.11890479710167,-12.1482372618636,0,2.43430726074982,2,11.1308020343199,26.6815481052681,17.3240493635252,0,0,0,0,0,0
3.02745510973908,-12.0692045199842,0,2.42351571181331,2,11.2704323736155,26.8024167099912,17.2031807588021,0,0,0,0,0,0
2.93717734944948,-11.9894804522057,0,2.41289613210133,2,11.4129409688197,26.9228575709398,17.0827398978535,0,0,0,0,0,0
2.84806686604429,-11.9091007099741,0,2.40244743778093,2,11.5582279556489,27.0428641591504,16.9627333096429,0,0,0,0,0,0
2.7601190093349,-11.8281009447352,0,2.39216844006614,2,11.7061923127046,27.1624291518051,16.8431683169882,0,0,0,0,0,0
2.6733291291327,-11.7465168079351,0,2.38205785523806,2,11.8567319503794,27.2815444517582,16.7240530170351,0,0,0,0,0,0
2.58769257524909,-11.6643839510198,0,2.37211431433202,2,12.0097438228503,27.4002012069226,16.6053962618707,0,0,0,0,0,0
2.50320469749548,-11.5817380254351,0,2.362336372482,2,12.165124066644,27.5183898294844,16.4872076393089,0,0,0,0,0,0
2.41986084568325,-11.498614682627,0,2.35272251791727,2,12.322768167271,27.6361000149167,16.3694974538766,0,0,0,0,0,0
2.33765636962381,-11.4150495740415,0,2.34327118060953,2,12.4825711561205,27.7533207607645,16.2522767080288,0,0,0,0,0,0
2.25658661912855,-11.3310783511245,0,2.33398074057223,2,12.6444278412,27.8700403851793,16.135557083614,0,0,0,0,0,0
2.17664694400888,-11.246736665322,0,2.32484953581737,2,12.8082330742968,27.9862465451806,16.0193509236127,0,0,0,0,0,0
2.09783269407618,-11.1620601680799,0,2.3158758699771,2,12.9738820585645,28.1019262546271,15.9036712141662,0,0,0,0,0,0
2.02013921914186,-11.0770845108443,0,2.30705801960094,2,13.1412707007704,28.2170659018821,15.7885315669111,0,0,0,0,0,0
1.94356186901731,-10.9918453450609,0,2.29839424114079,2,13.3102960128367,28.3316512671586,15.6739462016347,0,0,0,0,0,0
1.86809599351393,-10.9063783221758,0,2.28988277763894,2,13.4808565688606,28.4456675395338,15.5599299292595,0,0,0,0,0,0
1.79373694244312,-10.820719093635,0,2.28152186513546,2,13.6528530228412,28.5590993336233,15.44649813517,0,0,0,0,0,0
1.72048006561628,-10.7349033108843,0,2.27330973881363,2,13.8261886966859,28.6719307059075,15.3336667628858,0,0,0,0,0,0
1.6483207128448,-10.6489666253698,0,2.26524463890344,2,14.0007702449072,28.7841451707042,15.2214522980891,0,0,0,0,0,0
1.57725423394008,-10.5629446885373,0,2.25732481636497,2,14.1765084066996,28.8957257157841,15.1098717530092,0,0,0,0,0,0
1.50727597871352,-10.476873151833,0,2.2495485383748,2,14.353318859477,29.0066548176249,14.9989426511684,0,0,0,0,0,0
1.43838129697652,-10.3907876667026,0,2.24191409364027,2,14.5311231827747,29.1169144563046,14.8886830124887,0,0,0,0,0,0
1.37056553854047,-10.3047238845921,0,2.23441979756783,2,14.7098499534474,29.2264861300319,14.7791113387614,0,0,0,0,0,0
1.30382405321677,-10.2187174569476,0,2.22706399731336,2,14.8894359883602,29.335350869316,14.6702465994773,0,0,0,0,0,0
1.23815219081683,-10.1328040352149,0,2.21984507674403,2,15.0698277559933,29.4434892507765,14.5621082180168,0,0,0,0,0,0
1.17354530115203,-10.04701927084,0,2.21276146134313,2,15.2509829864312,29.5508814105975,14.4547160581958,0,0,0,0,0,0
1.10999873403377,-9.96139881526886,0,2.20581162309133,2,15.432872507836,29.6575070576282,14.3480904111651,0,0,0,0,0,0
1.04750783927346,-9.87597831994743,0,2.19899408536008,2,15.6154823471356,29.7633454861356,14.2422519826577,0,0,0,0,0,0
0.986067966682482,-9.79079343632166,0,2.1923074278556,2,15.7988161406086,29.8683755882127,14.1372218805806,0,0,0,0,0,0
0.925674466072246,-9.7058798158375,0,2.18575029165483,2,15.9828979073203,29.97257586585,14.0330216029433,0,0,0,0,0,0
0.866322687254143,-9.6212731099409,0,2.17932138437808,2,16.1677752466361,30.075924442674,13.9296730261193,0,0,0,0,0,0
0.808007980039573,-9.53700897007781,0,2.17301948554739,2,16.3535230437819,30.1783990753612,13.8271983934321,0,0,0,0,0,0
0.750725694239933,-9.4531230476942,0,2.16684345218398,2,16.5402477719032,30.2799771647338,13.7256203040595,0,0,0,0,0,0
0.69447117966662,-9.369650994236,0,2.16079222470388,2,16.7280925105061,30.3806357665441,13.6249617022492,0,0,0,0,0,0
0.639239786131032,-9.28662846114917,0,2.15486483317715,2,16.9172428226191,30.4803516019567,13.5252458668366,0,0,0,0,0,0
0.585026863444566,-9.20409109987966,0,2.14906040402345,2,17.1079336655034,30.5791010677352,13.4264964010581,0,0,0,0,0,0
0.531827761418621,-9.12207456187343,0,2.14337816722579,2,17.3004575565389,30.6768602461427,13.3287372226506,0,0,0,0,0,0
0.479637829864594,-9.04061449857642,0,2.13781746415442,2,17.4951742688524,30.7736049145641,13.2319925542292,0,0,0,0,0,0
0.428452418593882,-8.95974656143459,0,2.13237775610521,2,17.692522402995,30.8693105548604,13.1362869139329,0,0,0,0,0,0
0.378266877417882,-8.8795064018939,0,2.12705863367109,2,17.8930332758801,30.9639523624627,13.0416451063305,0,0,0,0,0,0
0.329076556147993,-8.79992967140028,0,2.12185982708252,2,18.0973476899235,31.057505255217,12.9480922135763,0,0,0,0,0,0
0.280876804595612,-8.7210520213997,0,2.11678121767289,2,18.3062363077978,31.1499438819881,12.8556535868052,0,0,0,0,0,0
0.233662972572137,-8.6429091033381,0,2.11182285064907,2,18.520624577933,31.241242631035,12.7643548377583,0,0,0,0,0,0
0.187430409888965,-8.56553656866144,0,2.10698494937607,2,18.741623446438,31.3313756381663,12.674221830627,0,0,0,0,0,0
0.142174466357493,-8.48897006881567,0,2.10226793141893,2,18.9705674988053,31.4203167946888,12.5852806741045,0,0,0,0,0,0
0.0978904917891202,-8.41324525524674,0,2.09767242662662,2,19.2090627216967,31.5080397551588,12.4975577136345,0,0,0,0,0,0
0.0545738359952427,-8.33839777940061,0,2.09319929759176,2,19.4590468588841,31.5945179449508,12.4110795238425,0,0,0,0,0,0
0.012219848787259,-8.26446329272322,0,2.08884966288054,2,19.7228664258458,31.6797245676551,12.3258729011382,0,0,0,0,0,0
-0.0291761200234337,-8.19147744666053,0,2.08462492349936,2,20.0033760308302,31.7636326123186,12.2419648564747,0,0,0,0,0,0
-0.0696187206254378,-8.11947589265849,0,2.08052679315331,2,20.3040679452085,31.8462148605452,12.1593826082481,0,0,0,0,0,0
-0.109112603207356,-8.04849428216305,0,2.07655733295969,2,20.6292432831877,31.9274438934702,12.0781535753231,0,0,0,0,0,0
-0.14766241795779,-7.97856826662016,0,2.07271899141216,2,20.9842412980376,32.0072920986284,11.9983053701648,0,0,0,0,0,0
-0.185272815065343,-7.90973349747578,0,2.06901465055461,2,21.3757512546884,32.0857316767364,11.9198657920569,0,0,0,0,0,0
-0.221948444718618,-7.84202562617585,0,2.06544767952632,2,21.8122438503089,32.1627346484091,11.8428628203842,0,0,0,0,0,0
-0.257693957106215,-7.77548030416634,0,2.06202199689211,2,22.3045793858638,32.2382728608396,11.7673246079537,0,0,0,0,0,0
-0.292514002416739,-7.71013318289318,0,2.0587421434867,2,22.8668834769075,32.3123179944685,11.6932794743248,0,0,0,0,0,0
-0.326413230838791,-7.64601991380234,0,2.05561336790014,2,23.5178386243001,32.3848415696777,11.6207558991156,0,0,0,0,0,0
-0.359396292560974,-7.58317614833977,0,2.05264172723429,2,24.2826420492905,32.4558149535486,11.5497825152447,0,0,0,0,0,0
-0.39146783777189,-7.52163753795141,0,2.04983420640218,2,25.1960687545557,32.5252093667297,11.4803881020636,0,0,0,0,0,0
-0.422632516660142,-7.46143973408322,0,2.04719886006529,2,26.3074437030949,32.5929958904697,11.4126015783236,0,0,0,0,0,0
-0.452894979414332,-7.40261838818115,0,2.04474498236778,2,27.6890727571618,32.6591454738825,11.3464519949108,0,0,0,0,0,0
-0.482259876223062,-7.34520915169115,0,2.04248331101185,2,29.4513082832789,32.723628941523,11.2819685272703,0,0,0,0,0,0
-0.510731857274936,-7.28924767605918,0,2.04042627403621,2,31.7712613689457,32.7864170013746,11.2191804674187,0,0,0,0,0,0
-0.538315572758555,-7.23476961273118,0,2.03858829006519,2,34.9521483189639,32.8474802533667,11.1581172154266,0,0,0,0,0,0
-0.565015672862521,-7.18181061315312,0,2.036986136008,2,39.5596545275118,32.9067891985763,11.098808270217,0,0,0,0,0,0
-0.590836807775439,-7.13040632877093,0,2.03563940051742,2,46.784112100336,32.9643142493023,11.041283219491,0,0,0,0,0,0
-0.615783627685908,-7.08059241103058,0,2.0345710474137,2,190.622925638748,33.0200257402561,10.9855717285372,0,0,0,0,0,0
-0.678703135292516,-6.95479267396173,0,2.03469385418948,2,595.661213850087,33.1606829060318,10.8449145627615,0,0,0,0,0,0
-0.746841568567368,-6.81864202540421,0,2.03492522258187,2,762.589458403781,33.3129321923742,10.6926652764191,0,0,0,0,0,0
-0.813787373918641,-6.68494052934933,0,2.03508873236492,2,1157.18842911331,33.4624575444101,10.5431399243832,0,0,0,0,0,0
-0.879550659489625,-6.55364271558248,0,2.03518045222935,2,2682.9829006037,33.6093041501899,10.3962933186034,0,0,0,0,0,0
-0.944141533423613,-6.42470311388901,0,2.03519629230989,2,6019.3887843081,33.7535171935681,10.2520802752252,0,0,0,0,0,0
-1.0075701038639,-6.29807625405432,0,2.035132002333,2,1323.3508032945,33.8951418566028,10.1104556121905,0,0,0,0,0,0
-1.06984647895378,-6.17371666586378,0,2.03498317035388,2,714.648305134832,34.0342233221878,9.97137414660552,0,0,0,0,0,0
-1.13098076683653,-6.05157887910277,0,2.03474522217504,2,476.053813525394,34.1708067769318,9.83479069186151,0,0,0,0,0,0
-1.19098307565546,-5.93161742355666,0,2.03441342154726,2,349.244947696149,34.3049374142983,9.70066005449501,0,0,0,0,0,0
-1.24986351355386,-5.81378682901083,0,2.03398287126234,2,270.907020169117,34.436660438019,9.56893703077428,0,0,0,0,0,0
-1.30763218867502,-5.69804162525066,0,2.03344851525658,2,217.933916301004,34.5660210657956,9.43957640299776,0,0,0,0,0,0
-1.36429920916224,-5.58433634206154,0,2.03280514185227,2,179.883189015536,34.6930645333018,9.31253293549148,0,0,0,0,0,0
-1.41987468315879,-5.47262550922882,0,2.03204738827448,2,151.346170145323,34.8178360985005,9.18776137029284,0,0,0,0,0,0
-1.47436871880799,-5.36286365653791,0,2.03116974658848,2,129.24126055219,34.9403810462849,9.06521642250845,0,0,0,0,0,0
-1.52779142425311,-5.25500531377416,0,2.0301665712123,2,111.684138369058,35.060744693458,8.94485277533532,0,0,0,0,0,0
-1.58015290763746,-5.14900501072296,0,2.02903208816634,2,97.4579240025781,35.178972394058,8.82662507473535,0,0,0,0,0,0
-1.63146327710432,-5.04481727716969,0,2.02776040622902,2,85.7418279060002,35.2951095450381,8.71048792375517,0,0,0,0,0,0
-1.68173264079698,-4.94239664289972,0,2.026345530173,2,75.9622246959581,35.4092015923084,8.59639587648487,0,0,0,0,0,0
-1.73097110685875,-4.84169763769843,0,2.02478137626035,2,67.7062192799349,35.5212940371415,8.48430343165184,0,0,0,0,0,0
-1.77918878343291,-4.74267479135121,0,2.02306179017688,2,60.6691115550815,35.6314324429449,8.37416502584843,0,0,0,0,0,0
-1.82639577866276,-4.64528263364341,0,2.0211805675846,2,54.6212008679078,35.7396624423979,8.26593502639537,0,0,0,0,0,0
-1.87260220069158,-4.54947569436044,0,2.01913147746747,2,49.3861043507578,35.8460297449466,8.15956772384671,0,0,0,0,0,0
-1.91781815766267,-4.45520850328766,0,2.01690828843692,2,44.8261846052647,35.9505801446472,8.05501732414607,0,0,0,0,0,0
-1.96205375771933,-4.36243559021044,0,2.01450479815152,2,40.8325080777166,36.0533595283446,7.95223794044873,0,0,0,0,0,0
-2.00531910900484,-4.27111148491418,0,2.01191486598667,2,37.3177717018516,36.1544138841637,7.85118358462959,0,0,0,0,0,0
-2.0476243196625,-4.18119071718423,0,2.00913244906641,2,34.2112223021321,36.2537893102908,7.75180815850254,0,0,0,0,0,0
-2.0889794978356,-4.09262781680599,0,2.00615164173867,2,31.4549431806074,36.3515320240097,7.65406544478365,0,0,0,0,0,0
-2.12939475166743,-4.00537731356484,0,2.00296671853659,2,29.0010971487535,36.4476883709563,7.55790909783698,0,0,0,0,0,0
-2.16888018930129,-3.91939373724613,0,1.99957218062258,2,26.8098504718002,36.5423048345432,7.46329263425008,0,0,0,0,0,0
-2.20744591888046,-3.83463161763527,0,1.99596280565605,2,24.84778934041,36.6354280455,7.37016942329331,0,0,0,0,0,0
-2.24510204854824,-3.75104548451762,0,1.99213370096165,2,23.0866977822948,36.7271047914671,7.27849267732619,0,0,0,0,0,0
-2.28185868644793,-3.66858986767856,0,1.9880803598011,2,21.5026043441183,36.817382026571,7.18821544222233,0,0,0,0,0,0
-2.31772594072281,-3.58721929690347,0,1.98379872046867,2,20.0750310782424,36.9063068809003,7.09929058789305,0,0,0,0,0,0
-2.35271391951618,-3.50688830197772,0,1.97928522783865,2,18.7863965127126,36.9939266697941,7.01167079899918,0,0,0,0,0,0
-2.38683273097133,-3.4275514126867,0,1.97453689689335,2,17.6215370447353,37.0802889028448,6.92530856594857,0,0,0,0,0,0
-2.42009248323156,-3.34916315881578,0,1.96955137765378,2,16.5673202910181,37.1654412925079,6.84015617628543,0,0,0,0,0,0
-2.45250328444015,-3.27167807015034,0,1.96432702082387,2,15.6123304814313,37.2494317622082,6.75616570658515,0,0,0,0,0,0
-2.48407524274039,-3.19505067647575,0,1.95886294334596,2,14.746610771853,37.3323084538185,6.67328901497483,0,0,0,0,0,0
-2.51481846627559,-3.1192355075774,0,1.95315909295227,2,13.9614508796221,37.414119734388,6.59147773440534,0,0,0,0,0,0
-2.54474306318903,-3.04418709324067,0,1.9472163106895,2,13.2492110762525,37.4949142019888,6.51068326680457,0,0,0,0,0,0
-2.57385914162401,-2.96985996325092,0,1.94103639029459,2,12.6031755494344,37.5747406905495,6.43085677824379,0,0,0,0,0,0
-2.60217680972381,-2.89620864739354,0,1.93462213321463,2,12.0174296493839,37.6536482735447,6.35194919524866,0,0,0,0,0,0
-2.62970617563173,-2.8231876754539,0,1.9279773979979,2,11.4867566801108,37.7316862664091,6.27391120238427,0,0,0,0,0,0
-2.65645734749107,-2.75075157721739,0,1.92110714274187,2,11.0065507860763,37.8089042275553,6.19669324123806,0,0,0,0,0,0
-2.68244043344511,-2.67885488246937,0,1.91401745927268,2,10.572743169378,37.8853519578773,6.12024551091607,0,0,0,0,0,0
-2.70766554163716,-2.60745212099524,0,1.90671559775428,2,10.1817394146862,37.9610794986364,6.0445179701569,0,0,0,0,0,0
-2.73214278021049,-2.53649782258036,0,1.89920998048891,2,9.83036612138513,38.0361371276406,5.96946034115275,0,0,0,0,0,0
-2.7558822573084,-2.46594651701011,0,1.89151020377678,2,9.51582538060185,38.1105753536441,5.89502211514925,0,0,0,0,0,0
-2.77889408107419,-2.39575273406988,0,1.88362702685328,2,9.23565590406461,38.1844449089188,5.8211525598745,0,0,0,0,0,0
-2.80118835965115,-2.32587100354503,0,1.87557234711798,2,8.98769982636935,38.257796739969,5.74780072882432,0,0,0,0,0,0
-2.82277520118257,-2.25625585522095,0,1.86735916110805,2,8.77007437963958,38.3306819963896,5.67491547240379,0,0,0,0,0,0
-2.84366471381174,-2.18686181888301,0,1.8590015109455,2,8.58114777987569,38.4031520178961,5.60244545089727,0,0,0,0,0,0
-2.86386700568196,-2.11764342431659,0,1.85051441629739,2,8.41951878279624,38.4752583195843,5.53033914920899,0,0,0,0,0,0
-2.88339218493652,-2.04855520130708,0,1.84191379222002,2,8.28399946296838,38.5470525755073,5.458544893286,0,0,0,0,0,0
-2.9022503597187,-1.97955167963984,0,1.83321635360356,2,8.17360085103982,38.6185866006883,5.387010868105,0,0,0,0,0,0
-2.92045163817181,-1.91058738910025,0,1.82443950727863,2,8.08752113160743,38.6899123317183,5.31568513707505,0,0,0,0,0,0
-2.93800612843914,-1.8416168594737,0,1.81560123317832,2,8.02513616322522,38.7610818061122,5.24451566268109,0,0,0,0,0,0
-2.95492393866398,-1.77259462054555,0,1.80671995625449,2,6.80714964110841,38.8321471406253,5.173450328168,0,0,0,0,0,0
-2.97845885213362,-1.67092737944436,0,1.78710003838011,2,4.3412107190406,38.9365028786811,5.06909459011229,0,0,0,0,0,0
-3.00828153099228,-1.52228195511324,0,1.75002821828486,2,3.93950243959609,39.0881104456059,4.9174870231874,0,0,0,0,0,0
-3.03157933873253,-1.3781190077629,0,1.71152694098637,2,3.65453261455084,39.2341438090344,4.7714536597589,0,0,0,0,0,0
-3.0485593608451,-1.23846470246174,0,1.6715532569513,2,3.39193394398968,39.3748265945488,4.6307708742445,0,0,0,0,0,0
-3.05942868282075,-1.10334520427818,0,1.63006738353729,2,3.15037974443827,39.5103825643531,4.49521490444019,0,0,0,0,0,0
-3.06439439015024,-0.972786678280632,0,1.58703361155469,2,2.92859396712526,39.6410354899229,4.36456197887044,0,0,0,0,0,0
-3.0636635683243,-0.846815289537494,0,1.54242128510727,2,2.72535118585965,39.7670089985762,4.23858847021716,0,0,0,0,0,0
-3.05744330283369,-0.72545720311718,0,1.49620583598843,2,2.53947654855769,39.8885263917443,4.11707107704905,0,0,0,0,0,0
-3.04594067916916,-0.608738584088099,0,1.44836984595786,2,2.36984568437781,40.0058104331959,3.99978703559744,0,0,0,0,0,0
-3.02936278282146,-0.496685597518662,0,1.39890410177837,2,2.21538455840163,40.1190831061865,3.88651436260679,0,0,0,0,0,0
-3.00791669928134,-0.389324408477276,0,1.34780859962695,2,2.07506926699046,40.2285653395013,3.77703212929202,0,0,0,0,0,0
-2.98180951403955,-0.286681182032352,0,1.29509344833618,2,1.94792576881374,40.3344767036521,3.67112076514127,0,0,0,0,0,0
-2.95124831258684,-0.188782083252299,0,1.2407796160115,2,1.8330295499322,40.4370350800832,3.56856238871018,0,0,0,0,0,0
-2.91644018041395,-0.0956532772055264,0,1.18489946316463,2,1.72950522595232,40.5364563081034,3.4691411606899,0,0,0,0,0,0
-2.87759220301164,-0.00732092896044319,0,1.12749700881129,2,1.63652609050204,40.6329538163342,3.37264365245916,0,0,0,0,0,0
-2.83491146587066,0.076188796414541,0,1.06862788493738,2,1.55331362659454,40.7267382476386,3.27885922115469,0,0,0,0,0,0
-2.78860505448176,0.154849733851017,0,1.00835894974324,2,1.47913700579707,40.8180170886376,3.18758038015579,0,0,0,0,0,0
-2.73888005433569,0.228635718280575,0,0.946767550761699,2,1.41331260829529,40.9069943168354,3.09860315195797,0,0,0,0,0,0
-2.68594355092319,0.297520584634806,0,0.883940454011976,2,1.35520360421809,40.9938700798892,3.01172738890416,0,0,0,0,0,0
-2.63000262973502,0.3614781678453,0,0.819972482563867,2,1.30421964128655,41.0788404224418,2.92675704635155,0,0,0,0,0,0
-2.57126437626193,0.420482302843649,0,0.754964934260688,2,1.25981668470378,41.1620970760376,2.84350039275574,0,0,0,0,0,0
-2.50993587599466,0.474506824561443,0,0.689023870535256,2,1.22149705068603,41.2438273268134,2.76177014197998,0,0,0,0,0,0
-2.44622421442397,0.523525567930272,0,0.622258383062739,2,1.18880966438624,41.3242139738485,2.68138349494481,0,0,0,0,0,0
-2.38033647704061,0.567512367881728,0,0.554778949962852,2,1.16135055590998,41.4034353882986,2.60216208049475,0,0,0,0,0,0
-2.31247974933532,0.6064410593474,0,0.486695987125367,2,1.13876358575616,41.4816656798365,2.52393178895688,0,0,0,0,0,0
-2.24286111679886,0.64028547725888,0,0.418118683184825,2,1.1207413653203,41.5590749726895,2.44652249610381,0,0,0,0,0,0
-2.17168766492198,0.669019456547758,0,0.349154180369533,2,1.10702631239484,41.6358297889413,2.36976767985202,0,0,0,0,0,0
-2.09916647919542,0.692616832145624,0,0.279907130744254,2,1.09741175966806,41.7120935320588,2.29350393673452,0,0,0,0,0,0
-2.02550464510993,0.71105143898407,0,0.21047962183778,2,1.09174302003348,41.788027059108,2.21757040968536,0,0,0,0,0,0
-1.95090924815628,0.724297111994686,0,0.140971431082109,2,1.08991830918663,41.8637893261027,2.14180814269065,0,0,0,0,0,0
-1.87558737382519,0.732327686109063,0,0.0714805383908069,2,1.09188943512908,41.9395380876328,2.06605938116048,0,0,0,0,0,0
-1.79974610760744,0.735116996258791,0,0.00210380341833568,2,1.3286201996288,42.0154306295103,1.99016683928301,0,0,0,0,0,0
-1.67171850747021,0.729987918909103,0,-0.0846951296295342,2,1.34065333571775,42.1435609297182,1.86203653907515,0,0,0,0,0,0
-1.5558532475915,0.714669372078736,0,-0.181194994827869,2,1.11548184043994,42.2604344353718,1.74516303342158,0,0,0,0,0,0
-1.45239086832971,0.690277997770918,0,-0.284074052434877,2,0.980884730920809,42.3667330857072,1.63886438308615,0,0,0,0,0,0
-1.35971481488981,0.65793321375302,0,-0.388526206037893,2,0.925658817381271,42.4648913045906,1.54070616420276,0,0,0,0,0,0
-1.27620853247676,0.618754437792411,0,-0.488425967618834,2,0.948766359309558,42.5571316194655,1.44846584932786,0,0,0,0,0,0
-1.20025546629551,0.573861087656464,0,-0.577462515529675,2,1.06813165164639,42.645360192778,1.36023727601534,0,0,0,0,0,0
-1.13023906155103,0.524372581112547,0,-0.650309992620452,2,1.34563528263606,42.7311005520803,1.27449691671303,0,0,0,0,0,0
-1.06454276344828,0.471408335928032,0,-0.703270927487739,2,1.99645706454104,42.8154878429029,1.19010962589047,0,0,0,0,0,0
-1.00155001719223,0.416087769870288,0,-0.734268143259171,2,4.26929206061815,42.8993237010414,1.10627376775191,0,0,0,0,0,0
-0.939644267987817,0.359530300706688,0,-0.742474636611279,2,26.2171549892135,42.9831751715279,1.0224222972654,0,0,0,0,0,0
-0.877208961040019,0.3028553462046,0,-0.727949669614623,2,3.30968445475699,43.0674972802627,0.938100188530621,0,0,0,0,0,0
-0.812627541553793,0.247182324131396,0,-0.69150037880632,2,1.83804462086018,43.1527630127091,0.852834456084231,0,0,0,0,0,0
-0.744283454734099,0.193630652254447,0,-0.634804711168199,2,1.3382324032223,43.2395886757589,0.766008793034449,0,0,0,0,0,0
-0.670560145785899,0.143319748341122,0,-0.56067605654448,2,1.12017597090334,43.3288428820175,0.676754586775877,0,0,0,0,0,0
-0.589841059914153,0.0973690301587918,0,-0.47322485807382,2,1.03666758522988,43.4217247388327,0.583872729960661,0,0,0,0,0,0
-0.500509642323821,0.0568979154748276,0,-0.377643470838285,2,1.04318434091921,43.5197962091615,0.48580125963182,0,0,0,0,0,0
-0.400949338219865,0.0230258220565998,0,-0.27951551232352,2,1.12835479790857,43.6249607129915,0.380636755801843,0,0,0,0,0,0
-0.289543592807245,-0.00312783232852129,0,-0.183881890824828,2,1.29638233745425,43.7393952084404,0.266202260352971,0,0,0,0,0,0
-0.164675851290922,-0.020443629913165,0,-0.094495676867481,2,1.56156723886597,43.8654578504775,0.140139618315849,0,0,0,0,0,0
